+0.8032126 16.68660 2447773.48700
+0.9522269 16.52850 2445644.31200
+0.4757037 16.85670 2445646.26700
+0.0535301 16.97930 2445647.31700
+0.1974046 17.01730 2445647.35000
+0.1263908 16.96780 2445663.16000
+0.2702653 16.78800 2445663.19300
+0.2776838 17.30890 2445665.25900
+0.6898364 16.67620 2445666.27100
+0.1325303 16.89590 2445674.17100
+0.6628994 16.67220 2445695.16500
+0.3296907 16.72960 2445882.48100
+0.5279372 16.68510 2445888.49000
+0.4714860 16.54020 2445913.47800
+0.8269608 16.75520 2445914.47700
+0.0995988 17.30460 2445915.45700
+0.5148101 16.92660 2445918.53400
+0.5078925 17.00000 2445936.42300
+0.8010284 16.55250 2445939.47200
+0.8902791 16.68470 2445945.45600
+0.0385135 16.53050 2445945.49000
+0.1105990 17.05910 2445946.42400
+0.7712623 16.81050 2445947.49300
+0.4865718 16.95600 2445949.49200
+0.0497656 16.59130 2445964.53000
+0.7730644 16.55890 2445965.38400
+0.6979426 16.59130 2445969.26600
+0.0074909 16.62890 2445969.33700
+0.1513654 16.92540 2445969.37000
+0.2952399 16.68390 2445969.40300
+0.4391145 17.13220 2445969.43600
+0.5786292 16.72030 2445969.46800
+0.7268636 16.78010 2445969.50200
+0.8663783 16.63510 2445969.53400
+0.0102528 16.58710 2445969.56700
+0.6581332 16.65780 2445972.46800
+0.2688067 17.25200 2445974.44300
+0.9356066 16.66920 2446030.33200
+0.2597254 16.94360 2446265.50700
+0.8388277 16.36210 2446301.42100
+0.9880891 16.34790 2446304.43700
+0.4138222 16.87440 2446325.40700
+0.7780167 16.43050 2446326.40800
+0.8531609 16.51180 2446329.40700
+0.0429143 16.60430 2446360.41500
+0.7687456 16.65220 2446380.30700
+0.7194862 16.55850 2446382.36000
+0.0285307 16.53260 2446406.28500
+0.6479238 16.65690 2446408.26200
+0.4373505 16.74430 2446410.27800
+0.4688964 16.81680 2446413.26700
+0.9663815 16.76010 2446645.50000
+0.1079502 16.79020 2446651.49600
+0.2528517 16.76790 2446654.51100
+0.7981277 16.70850 2446656.47100
+0.3680096 16.87790 2446672.42800
+0.8573604 16.59290 2446682.40300
+0.3926154 16.88640 2446686.42500
+0.5718695 16.57610 2446706.42100
+0.6557333 16.66370 2446709.42200
+0.6524005 16.42350 2446712.40300
+0.7501190 16.65540 2446730.31600
+0.6782824 16.64270 2446761.26400
+0.0099264 16.77630 2446763.17500
+0.7054684 16.56880 2446764.25200
+0.0009325 16.39990 2446768.21900
+0.3215287 17.66610 2446769.21000
+0.7007022 16.55030 2447041.55500
+0.0000000 16.26040 2447062.49600
+0.0395351 16.60740 2447064.34000
+0.6765943 16.60760 2447091.32200
+0.3738285 16.80460 2447389.42900
+0.0267991 16.95990 2447393.47800
+0.4848784 16.74250 2447395.41800
+0.6877590 16.43090 2447396.38200
+0.8518796 16.63180 2447410.41100
+0.9267495 16.42650 2447418.45600
+0.8288015 16.65580 2447419.35100
+0.5505025 16.81690 2447420.43400
+0.8385482 16.61660 2447422.33500
+0.1206362 16.59200 2447424.46400
+0.7454385 16.73460 2447436.30500
+0.0439613 16.89960 2447442.33700
+0.3666114 16.74700 2447449.29200
+0.0252431 16.79440 2447451.27800
+0.7631269 16.39270 2447468.19100
+0.6978238 16.66200 2447765.43500
+0.5241608 16.98660 2447766.54200
+0.4767083 16.92570 2445642.36800
+0.2738452 16.68970 2447792.40300
+0.4851713 16.43960 2447798.41500
+0.0073468 16.72060 2447802.43400
+0.7090507 16.60920 2447821.40300
+0.2204749 16.89710 2447826.33700
+0.5038642 16.58340 2447826.40200
+0.6738977 16.47240 2447826.44100
+0.9881248 16.83460 2447835.22900
+0.8065172 16.56460 2447851.24300
+0.8277692 16.58690 2448532.23700
+0.4031576 16.58640 2448811.50800
+0.9691939 16.46080 2450371.33000
-0.1967874 16.68660 2447773.48700
-0.0477731 16.52850 2445644.31200
-0.3101636 16.67620 2445666.27100
-0.3371006 16.67220 2445695.16500
-0.4720628 16.68510 2445888.49000
-0.1730392 16.75520 2445914.47700
-0.4851899 16.92660 2445918.53400
-0.4921075 17.00000 2445936.42300
-0.1989716 16.55250 2445939.47200
-0.1097209 16.68470 2445945.45600
-0.2287377 16.81050 2445947.49300
-0.2269356 16.55890 2445965.38400
-0.3020574 16.59130 2445969.26600
-0.4213708 16.72030 2445969.46800
-0.2731364 16.78010 2445969.50200
-0.1336217 16.63510 2445969.53400
-0.3418668 16.65780 2445972.46800
-0.0643934 16.66920 2446030.33200
-0.1611723 16.36210 2446301.42100
-0.0119109 16.34790 2446304.43700
-0.2219833 16.43050 2446326.40800
-0.1468391 16.51180 2446329.40700
-0.2312544 16.65220 2446380.30700
-0.2805138 16.55850 2446382.36000
-0.3520762 16.65690 2446408.26200
-0.0336185 16.76010 2446645.50000
-0.2018723 16.70850 2446656.47100
-0.1426396 16.59290 2446682.40300
-0.4281305 16.57610 2446706.42100
-0.3442667 16.66370 2446709.42200
-0.3475995 16.42350 2446712.40300
-0.2498810 16.65540 2446730.31600
-0.3217176 16.64270 2446761.26400
-0.2945316 16.56880 2446764.25200
-0.2992978 16.55030 2447041.55500
-0.3234057 16.60760 2447091.32200
-0.3122410 16.43090 2447396.38200
-0.1481204 16.63180 2447410.41100
-0.0732505 16.42650 2447418.45600
-0.1711985 16.65580 2447419.35100
-0.4494975 16.81690 2447420.43400
-0.1614518 16.61660 2447422.33500
-0.2545615 16.73460 2447436.30500
-0.2368731 16.39270 2447468.19100
-0.3021762 16.66200 2447765.43500
-0.4758392 16.98660 2447766.54200
-0.2909493 16.60920 2447821.40300
-0.4961358 16.58340 2447826.40200
-0.3261023 16.47240 2447826.44100
-0.0118752 16.83460 2447835.22900
-0.1934828 16.56460 2447851.24300
-0.1722308 16.58690 2448532.23700
-0.0308061 16.46080 2450371.33000
