+0.5822922 14.13470 2447773.48700
+0.4929937 14.07090 2445644.31200
+0.5186160 14.21220 2445646.26700
+0.6065462 14.02840 2445647.31700
+0.6407383 14.02640 2445647.35000
+0.0218586 14.06880 2445663.16000
+0.0560507 14.04940 2445663.19300
+0.1966829 14.08490 2445665.25900
+0.2452403 14.09700 2445666.27100
+0.4306199 14.05740 2445674.17100
+0.1830069 13.99950 2445695.16500
+0.2656084 14.13890 2445882.48100
+0.1426648 14.02460 2445908.42100
+0.3823438 14.02130 2445913.47800
+0.4174317 13.99340 2445914.47700
+0.4328332 13.98440 2445915.45700
+0.6209867 14.08080 2445918.53400
+0.0322949 14.05770 2445933.40800
+0.1562088 14.03700 2445936.42300
+0.3153508 13.98770 2445939.47200
+0.5155168 14.06380 2445945.45600
+0.5507450 14.05860 2445945.49000
+0.5184848 14.05060 2445946.42400
+0.6261014 14.03730 2445947.49300
+0.6601531 14.07870 2445948.49100
+0.6973132 14.02250 2445949.49200
+0.2785458 14.06650 2445964.53000
+0.1633957 14.11030 2445965.38400
+0.1856290 14.14830 2445969.26600
+0.2591938 14.08780 2445969.33700
+0.2933859 14.07760 2445969.37000
+0.3275780 14.07900 2445969.40300
+0.3617701 14.04380 2445969.43600
+0.3949261 13.99890 2445969.46800
+0.4301543 14.07170 2445969.50200
+0.4633102 14.11150 2445969.53400
+0.4975023 14.06030 2445969.56700
+0.5032980 14.11890 2445972.46800
+0.5496429 14.16980 2445974.44300
+0.4575766 14.02250 2446030.33200
+0.1280362 14.05680 2446265.50700
+0.1596690 14.03260 2446297.38700
+0.3393933 14.04590 2446301.42100
+0.4643432 14.11550 2446304.43700
+0.1918633 14.04620 2446325.40700
+0.2290234 14.09100 2446326.40800
+0.3363593 14.04350 2446329.40700
+0.1931142 14.01380 2446352.43200
+0.4644920 14.02100 2446360.41500
+0.0750704 14.10050 2446380.30700
+0.2022330 14.09880 2446382.36000
+0.9914994 14.10970 2446406.28500
+0.0399166 14.12690 2446408.26200
+0.1287425 14.04860 2446410.27800
+0.2257171 14.05030 2446413.26700
+0.8478999 14.39170 2446645.50000
+0.0604994 14.35240 2446651.49600
+0.1844133 14.38500 2446654.51100
+0.2152163 14.31890 2446656.47100
+0.7486467 14.37540 2446672.42800
+0.0839836 14.30030 2446682.40300
+0.9696096 14.30780 2446706.42100
+0.0790177 14.32610 2446709.42200
+0.1677033 14.39920 2446712.40300
+0.2565293 14.26370 2446714.41900
+0.7277924 14.36270 2446730.31600
+0.7937577 14.32560 2446761.26400
+0.7737906 14.41380 2446763.17500
+0.8896961 14.37020 2446764.25200
+0.0000000 14.41540 2446768.21900
+0.0267989 14.38990 2446769.21000
+0.8927392 14.34060 2447035.45800
+0.2099872 14.28770 2447041.55500
+0.7058366 14.29360 2447059.40600
+0.9074597 14.36660 2447062.49600
+0.8180723 14.30830 2447064.34000
+0.0032578 14.28580 2447066.44900
+0.7747698 14.31580 2447091.32200
+0.6177092 14.20470 2447387.46700
+0.6505845 14.24020 2447389.42900
+0.8458505 14.23530 2447393.47800
+0.8559310 14.15590 2447395.41800
+0.8547546 14.15280 2447396.38200
+0.9033120 14.19890 2447397.39400
+0.3905380 14.16220 2447410.41100
+0.7261555 14.23530 2447418.45600
+0.6534865 14.17900 2447419.35100
+0.7452805 14.22430 2447422.33500
+0.9511885 14.32850 2447424.46400
+0.2199327 14.12290 2447436.30500
+0.4698326 14.20750 2447442.33700
+0.6760749 14.14230 2447449.29200
+0.7338172 14.25800 2447451.27800
+0.2577823 14.24710 2447468.19100
+0.5272282 14.26750 2447475.20700
+0.6181264 14.18460 2447477.22500
+0.2394218 14.10890 2447765.43500
+0.3864111 14.12580 2447766.54200
+0.4787686 14.11460 2445642.36800
+0.1816136 14.21270 2447792.40300
+0.4107910 14.27260 2447798.41500
+0.5749733 14.05240 2447802.43400
+0.2292093 14.18460 2447821.40300
+0.3414451 14.11980 2447826.33700
+0.4087932 14.20580 2447826.40200
+0.4492020 14.07670 2447826.44100
+0.5546597 14.18320 2447835.22900
+0.1471492 14.16550 2447851.24300
+0.7413704 14.05440 2448532.23700
+0.1007535 14.11060 2448811.50800
+0.2697494 14.10140 2450371.33000
-0.4177078 14.13470 2447773.48700
-0.4813840 14.21220 2445646.26700
-0.3934538 14.02840 2445647.31700
-0.3592617 14.02640 2445647.35000
-0.3790133 14.08080 2445918.53400
-0.4844832 14.06380 2445945.45600
-0.4492550 14.05860 2445945.49000
-0.4815152 14.05060 2445946.42400
-0.3738986 14.03730 2445947.49300
-0.3398469 14.07870 2445948.49100
-0.3026868 14.02250 2445949.49200
-0.4967020 14.11890 2445972.46800
-0.4503571 14.16980 2445974.44300
-0.0085006 14.10970 2446406.28500
-0.1521001 14.39170 2446645.50000
-0.2513533 14.37540 2446672.42800
-0.0303904 14.30780 2446706.42100
-0.2722076 14.36270 2446730.31600
-0.2062423 14.32560 2446761.26400
-0.2262094 14.41380 2446763.17500
-0.1103039 14.37020 2446764.25200
-0.1072608 14.34060 2447035.45800
-0.2941634 14.29360 2447059.40600
-0.0925403 14.36660 2447062.49600
-0.1819277 14.30830 2447064.34000
-0.2252302 14.31580 2447091.32200
-0.3822908 14.20470 2447387.46700
-0.3494155 14.24020 2447389.42900
-0.1541495 14.23530 2447393.47800
-0.1440690 14.15590 2447395.41800
-0.1452454 14.15280 2447396.38200
-0.0966880 14.19890 2447397.39400
-0.2738445 14.23530 2447418.45600
-0.3465135 14.17900 2447419.35100
-0.2547195 14.22430 2447422.33500
-0.0488115 14.32850 2447424.46400
-0.3239251 14.14230 2447449.29200
-0.2661828 14.25800 2447451.27800
-0.4727718 14.26750 2447475.20700
-0.3818736 14.18460 2447477.22500
-0.4250267 14.05240 2447802.43400
-0.4453403 14.18320 2447835.22900
-0.2586296 14.05440 2448532.23700
