JD	mag	mag_err
2458255.96446	14.526571	0.010073645
2458258.95431	14.544197	0.010081866
2458266.88315	14.548034	0.010083677
2458269.92861	14.548353	0.010083828
2458272.96093	14.549154	0.010084208
2458278.96648	14.541325	0.0100805145
2458281.97047	14.5329	0.010076576
2458287.96535	14.524064	0.01007249
2458290.97691	14.53827	0.010079081
2458293.97357	14.54438	0.0100819515
2458296.86935	14.536982	0.01007848
2458299.92828	14.533082	0.010076662
2458301.92285	14.541689	0.010337318
2458301.92331	14.521336	0.010332501
2458301.92377	14.546687	0.010083041
2458301.92422	14.521847	0.010071471
2458305.92575	14.518362	0.010069874
2458316.94963	14.527294	0.010073979
2458319.95799	14.543702	0.010081632
2458322.90625	14.550342	0.010084772
2458325.99564	14.539457	0.010079637
2458326.86956	14.540295	0.010336981
2458326.87002	14.532598	0.010335139
2458327.8703	14.548534	0.010338991
2458327.87075	14.5362	0.010335997
2458328.85596	14.548489	0.01033898
2458328.85642	14.533377	0.0103353225
2458328.90689	14.513844	0.010067816
2458330.88854	14.528729	0.010334226
2458330.88991	14.534044	0.010335483
2458331.90377	14.5476	0.010083471
2458332.85786	14.539546	0.0103368005
2458332.88112	14.507445	0.010329344
2458334.86358	14.565725	0.010092141
2458334.90252	14.532646	0.01033515
2458334.90298	14.524177	0.010333161
2458335.85904	14.529887	0.010334498
2458335.87257	14.5358	0.010335901
2458336.8586	14.518603	0.010331871
2458336.85906	14.5255	0.010333468
2458337.84872	14.559884	0.010089326
2458342.84362	14.527987	0.010074299
2458343.86426	14.550481	0.010084838
2458343.86518	14.547458	0.010083404
2458344.93307	14.540012	0.010079898
2458344.93937	14.539087	0.010336691
2458345.85431	14.530749	0.010334701
2458346.8919	14.534015	0.010077096
2458349.8269	14.578335	0.01009828
2458352.82489	14.564167	0.010091389
2458353.81512	14.547436	0.010338721
2458354.78549	14.551623	0.010339754
2458355.80368	14.534893	0.010335685
2458355.84176	14.50764	0.010065006
2458355.93545	14.566026	0.0100922845
2458356.80642	14.535035	0.010335718
2458358.91023	14.541705	0.010080693
2458361.80441	14.529792	0.010075135
2458364.80963	14.55363	0.010086335
2458367.84659	14.526506	0.010073615
2458368.82386	14.538926	0.010336651
2458370.80171	14.514198	0.010067976
2458372.83334	14.52188	0.010332628
2458373.79169	14.528259	0.010074425
2458376.85039	14.567456	0.010092977
2458378.76855	14.533998	0.0103354715
2458379.77146	14.529352	0.010334372
2458379.80564	14.52478	0.010072819
2458380.79307	14.534646	0.010335625
2458382.85058	14.541076	0.010080397
2458383.82882	14.558759	0.010341537
2458385.76959	14.538906	0.01007938
2458385.78888	14.503527	0.010328472
2458386.76719	14.536507	0.010336071
2458388.7485	14.538475	0.010079178
2458389.78206	14.551845	0.010339809
2458400.71839	14.543739	0.01008165
2458425.76427	14.557539	0.01034123
2458428.62464	14.487347	0.010055958
2458431.65408	14.503884	0.010063315
2458431.70725	14.49575	0.010326767
2458434.68426	14.504796	0.010063725
2458437.7771	14.52453	0.010072704
2458439.71608	14.556228	0.010087576
2458439.71653	14.568842	0.01009365
2458439.72562	14.549448	0.010084347
2458439.72607	14.536792	0.01007839
2458439.73555	14.554883	0.010086932
2458439.7487	14.538216	0.01033648
2458441.71272	14.531171	0.010075774
2458441.71317	14.524718	0.010072791
2458441.72248	14.528096	0.01007435
2458441.72294	14.522076	0.010071576
2458441.73178	14.523516	0.010072237
2458443.59453	14.542196	0.010337442
2458447.82718	14.482676	0.0100539075
2458449.72736	14.522558	0.010071797
2458449.72918	14.517284	0.010069383
2458449.73352	14.504518	0.010063599
2458449.73511	14.518429	0.010069906
2458449.73616	14.523994	0.010072458
2458450.73811	14.520701	0.010070945
2458450.73856	14.52141	0.010071271
2458450.73903	14.516307	0.010068937
2458451.71801	14.518509	0.010069941
2458451.72119	14.51791	0.010069669
2458451.73098	14.535856	0.010077954
2458451.73416	14.524951	0.010072897
2458451.73872	14.507466	0.010064927
2458456.65362	14.512578	0.01006724
2458461.59234	14.538571	0.010079224
2458461.5933	14.56062	0.010089681
2458461.59425	14.5465355	0.010082969
2458461.5952	14.541626	0.010080655
2458461.59615	14.542229	0.010080938
2458461.5971	14.532813	0.010076536
2458461.59805	14.558303	0.010088569
2458461.599	14.54502	0.010082253
2458461.59995	14.538153	0.010079027
2458461.6009	14.531461	0.010075908
2458461.60184	14.537553	0.010078746
2458461.60279	14.518548	0.01006996
2458461.60374	14.540343	0.0100800535
2458461.60469	14.539499	0.010079657
2458461.60564	14.5440035	0.010081775
2458461.60659	14.543629	0.010081598
2458461.60755	14.554749	0.010086869
2458461.64849	14.535746	0.010077901
2458461.64943	14.552001	0.010085559
2458461.65038	14.541621	0.010080653
2458461.65133	14.537257	0.010078608
2458461.65228	14.528733	0.010074644
2458461.65323	14.548929	0.010084102
2458461.65418	14.547913	0.01008362
2458461.65513	14.536549	0.010078277
2458461.65608	14.536292	0.010078158
2458461.65704	14.552592	0.010085841
2458461.65799	14.532087	0.0100762
2458461.65894	14.541474	0.010080584
2458461.65989	14.552372	0.010085737
2458461.66083	14.545995	0.010082712
2458461.66178	14.529595	0.010075044
2458461.66273	14.555752	0.0100873485
2458461.66368	14.548204	0.010083757
2458461.66463	14.536836	0.010078412
2458461.66558	14.533748	0.010076972
2458461.66653	14.551294	0.010085224
2458461.67127	14.540014	0.010079899
2458461.67222	14.546634	0.010083015
2458461.67317	14.549411	0.010084331
2458461.67413	14.540173	0.010079973
2458461.67508	14.5555	0.010087227
2458461.67603	14.538419	0.010079152
2458461.67698	14.545147	0.010082313
2458461.67793	14.55596	0.010087446
2458461.67888	14.538506	0.010079192
2458461.67983	14.549836	0.01008453
2458461.68078	14.542824	0.0100812195
2458461.68172	14.539973	0.01007988
2458461.68267	14.54357	0.01008157
2458461.68362	14.532674	0.010076472
2458461.68457	14.547284	0.010083323
2458461.68552	14.549831	0.0100845285
2458461.68647	14.540944	0.010080335
2458461.68742	14.547386	0.010083371
2458461.68837	14.525249	0.010073035
2458461.68933	14.53863	0.010079251
2458461.69028	14.531127	0.010075754
2458461.69123	14.525204	0.010073015
2458461.69217	14.560089	0.010089425
2458461.69312	14.516293	0.01006893
2458461.69407	14.524567	0.010072722
2458461.69597	14.530492	0.010075459
2458461.69882	14.530142	0.010075296
2458461.69977	14.537883	0.0100789005
2458461.70072	14.529917	0.010075193
2458461.70167	14.542492	0.010081063
2458461.70261	14.531778	0.010076055
2458461.70356	14.550281	0.010084742
2458461.70451	14.534246	0.010077204
2458461.70546	14.543969	0.010081759
2458461.70641	14.549348	0.0100843
2458461.70736	14.548465	0.010083881
2458461.70831	14.531222	0.010075798
2458461.70926	14.544736	0.010082119
2458461.71021	14.53742	0.010078685
2458461.71116	14.5391865	0.0100795105
2458461.7121	14.546625	0.010083012
2458461.71306	14.529209	0.010074864
2458461.71401	14.551167	0.010085163
2458461.71496	14.548483	0.01008389
2458461.71591	14.544286	0.010081907
2458461.71686	14.559564	0.010089172
2458461.71781	14.538955	0.0100794025
2458461.71876	14.541027	0.010080374
2458461.71971	14.529192	0.010074857
2458461.72066	14.536359	0.010078189
2458461.72161	14.544257	0.010081895
2458461.72256	14.540743	0.01008024
2458461.7235	14.539184	0.01007951
2458461.72445	14.568386	0.010093428
2458461.7254	14.519725	0.010070497
2458461.72635	14.533961	0.01007707
2458461.7273	14.562556	0.010090612
2458461.72825	14.537397	0.010078674
2458461.7292	14.536149	0.01007809
2458461.73016	14.536806	0.010078398
2458461.73111	14.533366	0.010076794
2458461.73206	14.5299015	0.010075185
2458461.73301	14.5370655	0.01007852
2458461.73395	14.520733	0.010070959
2458461.7349	14.547672	0.010083507
2458461.73585	14.533182	0.010076708
2458461.7368	14.540168	0.0100799715
2458461.73775	14.541855	0.010080762
2458461.7387	14.537549	0.010078745
2458461.73965	14.529414	0.010074959
2458461.7406	14.526821	0.0100737605
2458461.74155	14.534657	0.010077395
2458461.7425	14.540668	0.010080205
2458461.74344	14.533382	0.010076801
2458461.74439	14.533657	0.010076929
2458461.74534	14.525588	0.0100731915
2458461.74629	14.544657	0.010082082
2458461.74724	14.530807	0.010075605
2458461.74819	14.541447	0.010080571
2458461.74914	14.536921	0.010078451
2458461.75009	14.519556	0.010070421
2458461.75104	14.528095	0.01007435
2458461.75199	14.518771	0.010070062
2458461.75294	14.539146	0.010079493
2458461.75388	14.539252	0.010079541
2458461.75483	14.522915	0.010071961
2458461.75578	14.5357895	0.010077923
2458461.75673	14.510493	0.010066295
2458462.6585	14.552516	0.010085804
2458462.65944	14.54013	0.010079954
2458462.66039	14.522988	0.010071996
2458462.66134	14.557116	0.0100879995
2458462.66229	14.552435	0.010085765
2458462.66324	14.525667	0.010073228
2458462.66419	14.55037	0.0100847855
2458462.66514	14.53677	0.010078381
2458462.66609	14.541574	0.010080631
2458462.66704	14.5544	0.010086703
2458462.66799	14.554775	0.010086882
2458462.66893	14.54638	0.010082895
2458462.66988	14.543437	0.010081507
2458462.67083	14.517802	0.010069619
2458462.67178	14.549867	0.010084546
2458462.67273	14.546908	0.0100831445
2458462.67368	14.536898	0.01007844
2458462.67463	14.530134	0.010075293
2458462.67558	14.55268	0.010085883
2458462.67653	14.537747	0.010078838
2458462.67748	14.54666	0.010083028
2458462.67842	14.535232	0.010077663
2458462.68033	14.534615	0.010077375
2458462.68128	14.530584	0.010075501
2458462.68223	14.534155	0.010077161
2458462.68318	14.524216	0.010072559
2458462.68413	14.532546	0.010076412
2458462.68508	14.532997	0.010076622
2458462.68603	14.530601	0.010075509
2458462.6869799998	14.532628	0.01007645
2458462.68793	14.518725	0.010070041
2458462.68888	14.5430565	0.0100813275
2458462.68982	14.518385	0.010069884
2458462.69077	14.536817	0.010078402
2458462.69172	14.52328	0.01007213
2458462.69267	14.527212	0.010073941
2458462.69362	14.53286	0.010076558
2458462.69457	14.5354395	0.01007776
2458462.69552	14.543893	0.010081722
2458462.69647	14.530113	0.010075283
2458462.69742	14.539013	0.0100794295
2458462.69886	14.539093	0.010079468
2458462.69981	14.527008	0.010073847
2458462.70077	14.54374	0.010081651
2458469.59919	14.549118	0.010084191
2458475.633	14.531515	0.010075933
2458482.68806	14.522754	0.010071887
2458494.59154	14.535193	0.010077645
2458601.99355	14.519895	0.010070576
2458607.99211	14.530401	0.010075416
2458634.92852	14.517785	0.010069612
2458637.9284800002	14.526877	0.010073787
2458640.97061	14.516203	0.01006889
2458643.96727	14.540239	0.010080005
2458646.97085	14.508188	0.010065254
2458652.92505	14.520873	0.010071023
2458655.89882	14.509469	0.010329798
2458655.89927	14.501018	0.0103279175
2458655.95268	14.491607	0.01005784
2458658.90584	14.525592	0.010073193
2458661.93363	14.535193	0.010077645
2458665.94517	14.522114	0.010071592
2458668.86304	14.528589	0.010074577
2458671.92842	14.497392	0.010060409
2458672.98314	14.538532	0.010336557
2458672.98359	14.5337105	0.010335403
2458674.97234	14.500917	0.010061984
2458675.86885	14.541058	0.010080388
2458675.8693	14.5106325	0.010066358
2458675.88656	14.529034	0.010074783
2458675.88746	14.521853	0.010071474
2458675.8913	14.537964	0.010078938
2458675.91121	14.532142	0.010076224
2458675.92366	14.459553	0.010043921
2458675.93771	14.533166	0.010076701
2458675.93816	14.489582	0.0100569455
2458676.87567	14.534614	0.010077375
2458676.87977	14.52541	0.0100731095
2458676.89452	14.506441	0.010064465
2458676.89819	14.533055	0.0100766495
2458676.91317	14.518165	0.010069784
2458676.91362	14.501107	0.01006207
2458677.80371	14.533036	0.01007664
2458677.86572	14.550304	0.010084754
2458677.86617	14.545735	0.01008259
2458677.89546	14.535643	0.010077854
2458677.89756	14.525821	0.0100732995
2458677.90765	14.481507	0.010053396
2458677.92828	14.502821	0.010062837
2458677.92873	14.562735	0.010090697
2458678.84514	14.515432	0.010068538
2458678.84559	14.506778	0.010064617
2458678.85802	14.519974	0.010070613
2458678.86624	14.513703	0.010067752
2458678.90018	14.5186205	0.010069993
2458678.91683	14.568005	0.010093244
2458678.91729	14.493401	0.010058635
2458679.86013	14.545599	0.010082526
2458679.86058	14.557143	0.010088013
2458679.89473	14.533819	0.010077005
2458679.89518	14.525801	0.01007329
2458679.89763	14.535384	0.010077733
2458679.90787	14.53648	0.010078246
2458679.92003	14.527694	0.010074163
2458679.92693	14.526398	0.010073565
2458679.92738	14.517569	0.010069513
2458680.84037	14.550107	0.010084661
2458680.84083	14.515866	0.010068736
2458680.86443	14.539021	0.010079434
2458680.8693	14.53042	0.010075426
2458680.89787	14.523219	0.010072102
2458680.91364	14.534209	0.010077187
2458680.91409	14.528867	0.010074706
2458681.82022	14.543795	0.010081676
2458681.82068	14.533776	0.010076985
2458681.83981	14.539607	0.010079709
2458681.84637	14.536505	0.010078257
2458681.87509	14.527776	0.010074202
2458681.87796	14.549403	0.010084326
2458681.88266	14.524864	0.010072858
2458681.88598	14.531804	0.010076067
2458681.88643	14.510395	0.010066251
2458681.91518	14.533654	0.0103353895
2458681.91564	14.556345	0.01034093
2458682.81026	14.513486	0.010067653
2458682.81071	14.529618	0.010075053
2458682.82179	14.544659	0.010082083
2458682.83211	14.537199	0.010078581
2458682.89412	14.544284	0.01033795
2458682.89457	14.541898	0.0103373695
2458683.8317	14.527477	0.010074063
2458683.83215	14.532948	0.010076598
2458683.83893	14.531438	0.010075897
2458683.85717	14.533425	0.010076821
2458683.89083	14.531866	0.010076096
2458683.89128	14.542174	0.010080913
2458683.91067	14.526938	0.010333804
2458683.91112	14.535211	0.010335762
2458683.92364	14.537016	0.010078495
2458684.80149	14.525344	0.01007308
2458684.80195	14.51527	0.010068465
2458684.81967	14.520225	0.010070726
2458684.82618	14.52493	0.010072888
2458684.83076	14.533528	0.010076869
2458684.84104	14.528725	0.01007464
2458684.85668	14.525897	0.010073335
2458685.90215	14.529382	0.010334378
2458685.90261	14.536363	0.010336036
2458690.90772	14.537498	0.010078721
2458693.88489	14.491159	0.010057642
2458695.84889	14.539488	0.010336788
2458695.84935	14.54117	0.0103371935
2458696.88352	14.522188	0.010071628
2458699.88723	14.533034	0.010076639
2458702.89592	14.510843	0.010066454
2458704.7086	14.524737	0.010072799
2458704.70905	14.537089	0.01007853
2458704.72307	14.540474	0.010080114
2458704.7317	14.525803	0.010073291
2458704.74108	14.530493	0.010075459
2458704.74884	14.532914	0.010076583
2458704.76888	14.526213	0.01007348
2458704.76933	14.538869	0.010079362
2458705.78193	14.5286255	0.010074595
2458705.78238	14.53123	0.010075801
2458705.79787	14.511735	0.010066858
2458705.80275	14.540025	0.010079904
2458705.81319	14.545104	0.010082293
2458705.8473	14.523942	0.010072433
2458705.84775	14.524546	0.010072711
2458705.95689	14.522728	0.0100718755
2458706.77305	14.543981	0.010081763
2458706.7735	14.5434265	0.010081503
2458706.77752	14.538681	0.010079275
2458706.80519	14.524545	0.010072711
2458706.80565	14.49905	0.0100611495
2458706.81468	14.554476	0.010086739
2458706.82995	14.531253	0.010075812
2458706.8304	14.537382	0.010078667
2458706.85307	14.538394	0.010336524
2458706.85352	14.515279	0.010331112
2458707.79326	14.528311	0.01007445
2458707.79372	14.504731	0.010063695
2458707.81352	14.533506	0.010076859
2458707.81653	14.510844	0.010066455
2458707.83275	14.50929	0.010065751
2458707.84986	14.504255	0.0100634815
2458707.85031	14.501966	0.010062453
2458708.76794	14.522754	0.010071887
2458708.76839	14.515807	0.010068709
2458708.78313	14.533607	0.010076906
2458708.79157	14.515355	0.010068502
2458708.7992599998	14.522409	0.010071728
2458708.81852	14.495076	0.010059378
2458708.83096	14.521009	0.010071087
2458708.83141	14.529413	0.010074959
2458708.99275	14.547736	0.010083537
2458709.78863	14.505521	0.0100640515
2458709.78908	14.52183	0.010071464
2458709.80356	14.522016	0.01007155
2458709.80785	14.524524	0.010072703
2458709.81873	14.518438	0.01006991
2458709.83671	14.533666	0.010076934
2458709.85772	14.51031	0.010066212
2458709.85817	14.525238	0.01007303
2458709.85862	14.531661	0.010334917
2458710.75486	14.464062	0.010045847
2458710.75531	14.476552	0.010051236
2458710.78496	14.528835	0.010074691
2458710.79914	14.503425	0.010063108
2458710.79959	14.535194	0.010077646
2458710.81215	14.500495	0.010061795
2458710.82342	14.519939	0.010070597
2458710.86851	14.537031	0.010336196
2458710.86896	14.536592	0.010336092
2458711.83084	14.533481	0.010335348
2458711.83129	14.546713	0.010338542
2458711.90684	14.501425	0.010062212
2458712.76082	14.526887	0.010073791
2458712.76128	14.539015	0.010079431
2458712.79939	14.4970045	0.010060237
2458712.81325	14.520709	0.010070949
2458712.83422	14.529574	0.010075035
2458712.83467	14.516712	0.010069122
2458712.86324	14.52122	0.010332475
2458712.86369	14.526967	0.010333811
2458713.79489	14.541545	0.010080618
2458713.80101	14.511453	0.01006673
2458713.81703	14.540433	0.010080095
2458713.82874	14.525156	0.010072992
2458713.82919	14.53298	0.010076614
2458713.87384	14.545606	0.010338273
2458713.87428	14.543118	0.010337666
2458714.76039	14.506161	0.010064339
2458714.76084	14.5378475	0.010078885
2458714.78259	14.552232	0.010085669
2458714.78868	14.546568	0.010082984
2458714.81809	14.523915	0.01007242
2458714.83941	14.514502	0.010068115
2458714.83986	14.51624	0.0100689065
2458714.87048	14.526309	0.010073524
2458714.89213	14.536091	0.010335972
2458714.89258	14.514104	0.010330845
2458715.88695	14.526394	0.010333678
2458715.8874	14.544144	0.010337915
2458716.91205	14.517902	0.010331711
2458716.9125	14.509316	0.010329763
2458717.82385	14.497587	0.010060497
2458717.82475	14.536418	0.010078217
2458719.89827	14.53406	0.010335486
2458719.89872	14.523526	0.010333009
2458722.82196	14.519325	0.010070316
2458723.88359	14.47564	0.010050839
2458723.88448	14.534414	0.010077282
2458724.88301	14.531195	0.010075786
2458726.81025	14.516472	0.010069013
2458726.81984	14.52748	0.010333932
2458726.8212	14.539894	0.010336884
2458730.89842	14.504937	0.010063788
2458730.89932	14.514239	0.010067996
2458733.88771	14.527226	0.010073949
2458733.89094	14.498421	0.010060869
2458734.87783	14.528839	0.010074694
2458735.66318	14.51876	0.010070057
2458735.66363	14.542349	0.010080995
2458735.68099	14.5347395	0.010077433
2458735.69459	14.531765	0.01007605
2458735.72001	14.50632	0.01006441
2458735.73422	14.495835	0.010059717
2458735.89172	14.496154	0.010059858
2458736.88959	14.530134	0.010334555
2458736.89005	14.520886	0.010332398
2458736.92755	14.520541	0.0100708725
2458736.92845	14.529157	0.01007484
2458737.71058	14.523419	0.010072193
2458737.71103	14.511561	0.010066778
2458737.75183	14.510556	0.010066324
2458737.75378	14.540827	0.01008028
2458737.76431	14.533065	0.010076653
2458737.76997	14.518432	0.010069906
2458737.7747	14.530656	0.010075535
2458738.67235	14.5243845	0.010072637
2458738.72236	14.541117	0.010080417
2458738.73206	14.522573	0.010071804
2458738.76379	14.521418	0.010071274
2458738.76425	14.519702	0.010070488
2458738.78156	14.525924	0.010073346
2458738.78402	14.521147	0.01007115
2458738.80287	14.518654	0.010070008
2458738.80895	14.517063	0.010069282
2458738.81267	14.527298	0.010073981
2458738.82458	14.503313	0.010063058
2458738.82503	14.532918	0.010076585
2458738.85825	14.535323	0.010335788
2458738.88322	14.518029	0.010069722
2458739.67128	14.511636	0.010066814
2458739.72184	14.52977	0.010075125
2458739.73153	14.510676	0.010066379
2458739.76855	14.501429	0.010062214
2458739.769	14.503026	0.010062929
2458739.77516	14.50702	0.010064727
2458739.7766	14.521628	0.010071371
2458739.78481	14.536287	0.010078156
2458739.79046	14.526102	0.010073428
2458739.81547	14.526434	0.010073582
2458739.82597	14.525758	0.01007327
2458739.82642	14.525316	0.010073067
2458739.86532	14.512534	0.01033049
2458739.86577	14.52884	0.0103342505
2458740.6717	14.509843	0.010066001
2458740.72212	14.509266	0.010065741
2458740.73182	14.519786	0.010070526
2458740.78605	14.519343	0.010070323
2458740.7865	14.534943	0.010077528
2458740.7954	14.518339	0.010069865
2458740.79953	14.523048	0.010072023
2458740.80887	14.528643	0.010074602
2458740.82368	14.531408	0.010075884
2458740.8316	14.53254	0.01007641
2458740.85129	14.532353	0.0100763235
2458740.85174	14.505438	0.010064013
2458740.86026	14.533182	0.010076708
2458740.8708	14.538843	0.010336633
2458740.87126	14.5394335	0.0103367735
2458741.67188	14.563569	0.010091099
2458741.72222	14.535968	0.0100780055
2458741.73191	14.547969	0.0100836465
2458741.76836	14.527163	0.010073918
2458741.76881	14.501238	0.010062128
2458741.77695	14.513943	0.010067861
2458741.78561	14.513367	0.0100676
2458741.79277	14.522782	0.0100719
2458741.80616	14.492254	0.010058126
2458741.82897	14.545171	0.010082325
2458741.82942	14.513649	0.010067727
2458741.86412	14.513292	0.01033066
2458741.86458	14.536148	0.010335985
2458743.67236	14.53077	0.010075589
2458743.72194	14.523147	0.010072068
2458743.73164	14.545927	0.010082681
2458743.75874	14.502432	0.010062663
2458743.75919	14.510604	0.010066345
2458743.77544	14.520611	0.010070904
2458743.77589	14.521772	0.010071438
2458743.78465	14.505412	0.010064002
2458743.80199	14.536334	0.010078178
2458743.81486	14.512611	0.010067255
2458743.81658	14.516351	0.010068957
2458743.82132	14.507333	0.010064867
2458743.82176	14.508192	0.010065255
2458743.85393	14.5189295	0.010070135
2458744.672	14.524887	0.010072868
2458744.72237	14.533714	0.010076956
2458744.73207	14.5269575	0.010073823
2458744.76719	14.510061	0.010066099
2458744.76764	14.532575	0.010076426
2458744.777	14.515243	0.010068453
2458744.78228	14.518935	0.010070137
2458744.78401	14.518528	0.0100699505
2458744.79382	14.510087	0.010066112
2458744.80155	14.522383	0.010071717
2458744.83206	14.514341	0.010068041
2458744.83251	14.511853	0.010066912
2458744.87373	14.553076	0.010086072
2458744.90999	14.515708	0.01033121
2458744.91044	14.526384	0.010333676
2458745.67211	14.516442	0.010069
2458745.72254	14.532371	0.010076331
2458745.73224	14.52991	0.010075189
2458745.75938	14.521535	0.010071328
2458745.75984	14.525827	0.010073302
2458745.77548	14.520674	0.010070933
2458745.78537	14.493725	0.010058778
2458745.8135	14.505391	0.010063992
2458745.81711	14.517035	0.010069269
2458745.82138	14.515602	0.010068616
2458745.83244	14.510042	0.010066091
2458745.83289	14.512077	0.010067013
2458745.84857	14.518687	0.010070024
2458746.69654	14.5095	0.010065846
2458746.72658	14.527599	0.01007412
2458746.73628	14.5184965	0.0100699365
2458747.67203	14.531154	0.010075767
2458747.72098	14.500193	0.01006166
2458747.73068	14.522923	0.010071965
2458748.67116	14.521323	0.01007123
2458748.72222	14.511361	0.010066688
2458748.7319	14.5076885	0.0100650275
2458749.67268	14.514287	0.010068017
2458749.72204	14.518352	0.010069869
2458749.73174	14.541192	0.010080452
2458749.75758	14.510795	0.010066432
2458750.67298	14.462416	0.010045143
2458750.72236	14.532177	0.010076241
2458750.73207	14.514801	0.010068251
2458751.67062	14.524839	0.010072846
2458751.72215	14.529832	0.010075154
2458751.73184	14.515867	0.010068736
2458754.67028	14.511025	0.010066536
2458754.7214	14.516033	0.010068812
2458754.73111	14.511682	0.010066833
2458757.80763	14.519511	0.0100704
2458758.67935	14.522187	0.010071627
2458758.72652	14.533634	0.010076918
2458758.73622	14.520797	0.010070989
2458758.80726	14.511754	0.010066867
2458760.67179	14.4855	0.010055147
2458760.72261	14.533469	0.010076841
2458760.73232	14.521059	0.010071109
2458760.79063	14.518842	0.010070095
2458761.67081	14.518617	0.010069991
2458761.72155	14.51773	0.010069587
2458761.73125	14.545939	0.010082687
2458762.63176	14.517922	0.010069675
2458762.67052	14.512892	0.010067383
2458762.72308	14.523278	0.010072129
2458762.73279	14.524451	0.010072668
2458763.67182	14.543632	0.0100815995
2458763.72266	14.534614	0.010077375
2458763.73214	14.527323	0.010073992
2458764.6527	14.507119	0.0100647705
2458765.65413	14.543831	0.0100816935
2458766.65277	14.525655	0.010073223
2458767.65322	14.509408	0.010065804
2458768.65454	14.522868	0.01007194
2458769.65444	14.512427	0.010067173
2458770.6545	14.534582	0.01007736
2458771.6547	14.514149	0.010067954
2458772.655	14.520198	0.010070715
2458773.65362	14.509362	0.010065784
2458774.65389	14.5129795	0.010067423
2458775.65361	14.509772	0.010065969
2458776.65281	14.53023	0.010075336
2458777.65321	14.517997	0.010069707
2458778.65338	14.518842	0.010070095
2458779.65317	14.509652	0.010065915
2458781.65303	14.504481	0.010063582
2458782.6521	14.523644	0.0100722965
2458783.65328	14.520285	0.010070755
2458785.65288	14.519124	0.010070223
2458786.65975	14.514289	0.010068018
2458787.65208	14.518546	0.010069959
2458788.65295	14.5071745	0.010064796
2458789.65329	14.50965	0.010065914
2458790.64248	14.514655	0.010068184
2458790.68197	14.517761	0.0100696
2458792.65956	14.509738	0.010065954
2458793.61237	14.519469	0.010070381
2458796.61541	14.526494	0.01007361
2458798.75824	14.533039	0.010076641
2458799.72636	14.531861	0.010076094
2458800.76273	14.494998	0.010059344
2458803.74233	14.513839	0.010067814
2458806.73554	14.510753	0.010066413
2458811.63851	14.495748	0.010059678
2458819.66603	14.503416	0.010063104
2458831.59344	14.514182	0.01006797
2458837.57642	14.506619	0.010064546
2458838.60156	14.517206	0.010069347
2458846.62358	14.524806	0.010072831
2458849.5833	14.5082445	0.010065279
2458850.61209	14.49469	0.010059207
2458854.65727	14.433589	0.010033035
2458856.63373	14.524363	0.010072628
2458859.65981	14.529765	0.010075122
2458872.62127	14.554976	0.010086977
2458875.61081	14.512113	0.01006703
2458881.6198	14.521326	0.010071232
2458885.63369	14.534927	0.01007752
2458987.9732	14.52232	0.010071687
2458996.97678	14.518463	0.010069921
2458999.94957	14.509909	0.010066031
2459002.9698	14.523401	0.010072184
2459013.86107	14.50591	0.010064226
2459016.97015	14.507103	0.010064763
2459022.97049	14.51861	0.010069989
2459028.97268	14.522011	0.010071547
2459031.94311	14.51003	0.0100660855
2459034.88686	14.53091	0.010075653
2459035.87353	14.520828	0.010071004
2459036.86794	14.5312195	0.010075797
2459037.95047	14.521008	0.010071086
2459037.98657	14.531588	0.010075967
2459038.88266	14.534938	0.010077526
2459039.94561	14.515939	0.010068769
2459040.89551	14.531831	0.0100760795
2459041.98877	14.521516	0.0100713195
2459042.88886	14.552281	0.010085693
2459042.98839	14.535196	0.010077647
2459043.89262	14.539656	0.01007973
2459044.98318	14.5245695	0.010072722
2459046.89639	14.502948	0.010062894
2459046.95633	14.537349	0.010078651
2459049.91039	14.522352	0.010071702
2459050.99011	14.52165	0.01007138
2459052.91219	14.524653	0.010072762
2459052.91697	14.520252	0.010070739
2459054.87435	14.51672	0.010069124
2459055.86776	14.510374	0.010066241
2459056.89745	14.516717	0.0100691235
2459059.95026	14.499059	0.010061153
2459059.95651	14.515193	0.010068431
2459060.95943	14.538225	0.010079061
2459061.80977	14.504329	0.010063515
2459062.83284	14.527126	0.010073901
2459062.97373	14.527482	0.010074065
2459063.80673	14.524977	0.010072909
2459064.82921	14.523742	0.010072341
2459065.86274	14.521228	0.010071186
2459065.94139	14.527957	0.010074286
2459066.9984	14.534465	0.010077305
2459068.87462	14.520024	0.010070635
2459068.88011	14.53134	0.010075851
2459069.93678	14.505668	0.010064118
2459071.84445	14.5191145	0.010070219
2459071.86641	14.524699	0.010072781
2459073.00755	14.524942	0.010072893
2459076.84729	14.532617	0.010076446
2459077.9798	14.517495	0.010069479
2459078.8555	14.499515	0.010061357
2459079.86417	14.495432	0.010059537
2459080.82468	14.526741	0.010073723
2459080.86736	14.522151	0.01007161
2459081.89378	14.511006	0.010066528
2459084.80453	14.512234	0.010067085
2459086.84718	14.515848	0.010068727
2459087.86921	14.501579	0.01006228
2459088.88964	14.535336	0.010077711
2459090.95241	14.53605	0.010078045
2459093.86351	14.509565	0.010065876
2459094.85346	14.514728	0.010068217
2459095.89741	14.539253	0.010079542
2459096.80578	14.510401	0.010066253
2459097.8071	14.493056	0.010058483
2459098.84937	14.520015	0.010070631
2459106.84996	14.499651	0.010061419
2459109.74908	14.52426	0.01007258
2459112.85164	14.53016	0.010075305
2459113.79047	14.533328	0.010076775
2459115.79948	14.513897	0.010067839
2459115.87109	14.527324	0.010073993
2459118.74126	14.564987	0.0100917835
2459118.82039	14.536252	0.01007814
2459122.72987	14.500317	0.010061715
2459123.8121	14.530915	0.010075655
2459124.78145	14.515011	0.010068347
2459125.79466	14.5020075	0.010062472
2459126.82758	14.505559	0.010064068
2459129.71856	14.509997	0.01006607
2459134.68231	14.519211	0.010070263
2459136.68547	14.51881	0.01007008
2459138.79408	14.517651	0.01006955
2459140.7237	14.513102	0.010067479
2459144.72675	14.534697	0.010077413
2459146.68541	14.527389	0.010074022
2459149.64377	14.500587	0.010061837
2459151.72736	14.516188	0.010068883
2459153.61862	14.52747	0.01007406
2459155.62233	14.554725	0.010086857
2459157.74806	14.546228	0.010082824
2459164.68373	14.506593	0.010064533
2459167.70468	14.515432	0.010068538
2459169.68133	14.498829	0.01006105
2459173.7289	14.535048	0.010077577
2459178.72502	14.530311	0.0100753745
2459180.67072	14.476767	0.010051329
2459182.60178	14.520729	0.010070958
2459184.616	14.546793	0.0100830905
2459186.62292	14.499379	0.010061297
2459188.62388	14.517723	0.010069583
2459193.79127	14.512017	0.010066987
2459195.6166	14.521496	0.01007131
2459197.70155	14.506975	0.010064706
2459199.61897	14.532119	0.010076214
2459204.66343	14.493836	0.010058828
2459205.64445	14.529535	0.010075015
2459210.60293	14.512379	0.010067151
2459210.60389	14.49075	0.010057461
2459215.62063	14.518887	0.010070114
2459219.67814	14.530727	0.010075568
2459221.69775	14.537779	0.010078853
2459223.6161	14.51707	0.010069285
2459225.65856	14.536558	0.010078281
2459227.65339	14.526379	0.010073557
2459229.61792	14.495506	0.01005957
2459231.65434	14.503253	0.010063031
2459303.00953	14.518422	0.010069902
2459303.01203	14.516127	0.010068854
2459303.01452	14.538556	0.010079216
2459303.01702	14.535208	0.010077652
2459303.01951	14.525712	0.010073249
2459304.00841	14.527141	0.010073909
2459304.01091	14.537975	0.010078944
2459304.0134	14.538782	0.010079322
2459304.0159	14.533629	0.010076916
2459304.0184	14.536671	0.010078333
2459305.01617	14.438931	0.010035247
2459306.00519	14.524097	0.010072505
2459306.00772	14.518375	0.010069881
2459306.01023	14.506561	0.01006452
2459306.01275	14.508223	0.010065269
2459306.01527	14.509911	0.0100660315
2459307.00251	14.5264635	0.010073595
2459307.00503	14.520387	0.010070801
2459307.00756	14.535508	0.010077791
2459307.01008	14.547369	0.010083363
2459307.01259	14.550829	0.0100850025
2459308.00305	14.543794	0.010081676
2459308.00556	14.508743	0.010065503
2459308.00807	14.541678	0.01008068
2459308.01058	14.557206	0.010088043
2459308.0131	14.540626	0.010080186
2459309.00064	14.529159	0.010074842
2459309.00261	14.540765	0.010080251
2459309.00459	14.534847	0.010077484
2459309.00656	14.52884	0.010074693
2459309.00854	14.518684	0.010070022
2459311.00101	14.52752	0.010074083
2459311.00303	14.52993	0.010075199
2459311.00503	14.520784	0.010070983
2459311.00704	14.537272	0.0100786155
2459311.00906	14.5262985	0.010073519
2459311.99963	14.538817	0.010079338
2459312.00165	14.539944	0.010079865
2459312.00365	14.539072	0.010079458
2459312.00566	14.535818	0.010077936
2459312.00768	14.5335	0.010076856
2459312.99913	14.52402	0.010072469
2459313.00114	14.521694	0.0100714015
2459313.00316	14.547232	0.010083297
2459313.00516	14.526714	0.01007371
2459313.00717	14.514723	0.0100682145
2459313.99779	14.534811	0.010077466
2459313.99974	14.507273	0.01006484
2459314.00171	14.530281	0.010075361
2459314.00367	14.541465	0.01008058
2459314.00563	14.558619	0.010088719
2459314.99674	14.519292	0.010070301
2459314.9987	14.526163	0.010073457
2459315.00067	14.523618	0.010072284
2459315.00262	14.533948	0.010077064
2459315.00459	14.54062	0.010080183
2459356.88429	14.527765	0.010074196
2459359.92615	14.524413	0.010072651
2459366.90326	14.538792	0.010079326
2459369.95045	14.511012	0.01006653
2459371.94977	14.540512	0.010080132
2459378.91014	14.528199	0.010074398
2459382.9466	14.533731	0.010076964
2459385.88721	14.520379	0.010070798
2459386.90819	14.530033	0.010075246
2459390.89281	14.54574	0.010082592
2459391.91657	14.526328	0.010073532
2459393.94472	14.514235	0.010067994
2459394.94646	14.534785	0.010077455
2459396.88904	14.523564	0.01007226
2459397.88412	14.511356	0.010066686
2459400.9326	14.507088	0.0100647565
2459402.90375	14.5074415	0.010064916
2459404.95637	14.520119	0.01007068
2459407.92973	14.529652	0.01007507
2459409.95533	14.550414	0.010084806
2459411.94938	14.52299	0.010071996
2459414.95397	14.5033	0.010063052
2459422.90483	14.547871	0.0100836
2459424.86106	14.534723	0.010077426
2459428.87284	14.509442	0.01006582
2459430.85125	14.537183	0.010078574
2459443.80962	14.550219	0.010084714
2459448.8139	14.531195	0.010075786
2459450.84472	14.511013	0.010066531
2459453.80979	14.538312	0.010079101
2459455.79127	14.520319	0.010070771
2459459.77086	14.48645	0.010055564
2459461.78837	14.529611	0.010075051
2459463.78343	14.519111	0.010070218
2459465.84992	14.51767	0.010069558
2459467.8703	14.509878	0.010066017
2459469.8711	14.533309	0.010076767
2459471.73968	14.527065	0.010073874
2459473.93204	14.54304	0.010081321
2459476.83441	14.541014	0.010080368
2459478.747	14.525437	0.010073122
2459480.77005	14.515255	0.0100684585
2459485.72715	14.519776	0.010070521
2459487.83105	14.517811	0.010069624
2459489.79517	14.515164	0.0100684175
2459491.72254	14.495639	0.010059629
2459497.81425	14.524503	0.010072692
2459502.82267	14.51294	0.010067405
2459504.79443	14.524848	0.010072851
2459517.64478	14.506238	0.010064375
2459520.74717	14.509127	0.010065678
2459522.7027	14.505345	0.010063972
2459524.72454	14.495593	0.010059609
2459526.66229	14.550588	0.010084889
2459529.70212	14.506652	0.010064561
2459531.6598	14.5282755	0.010074433
2459537.82633	14.568526	0.010093496
2459540.66137	14.505074	0.010063849
2459550.61862	14.511898	0.010066932
2459671.00272	14.512461	0.010067188
2459671.00524	14.519805	0.010070534
2459671.00776	14.50827	0.01006529
2459671.01029	14.512967	0.010067416
2459671.01281	14.523979	0.01007245
2459672.00061	14.526392	0.010073562
2459672.00314	14.518751	0.010070052
2459672.00565	14.528701	0.0100746285
2459672.00817	14.54873	0.010084007
2459672.01069	14.556897	0.010087896
2459673.99668	14.480266	0.010052854
2459673.99922	14.510726	0.010066401
2459674.00176	14.481262	0.010053289
2459674.00685	14.475995	0.0100509925
2459674.99686	14.557006	0.010087948
2459674.99941	14.523442	0.010072203
2459675.00195	14.515897	0.010068749
2459675.0045	14.513486	0.010067653
2459675.00705	14.507283	0.010064844
2459675.99637	14.524707	0.0100727845
2459675.99892	14.519343	0.010070323
2459676.00145	14.523747	0.010072344
2459676.004	14.524998	0.01007292
2459676.00653	14.525196	0.010073011
2459677.00047	14.478408	0.010052043
2459677.00297	14.413863	0.010024992
2459677.99848	14.539815	0.010079806
2459678.00098	14.535189	0.010077643
2459678.00348	14.514829	0.010068264
2459678.00598	14.540526	0.010080138
2459678.99499	14.52241	0.010071729
2459678.99749	14.515544	0.010068589
2459678.99999	14.513116	0.010067484
2459679.00251	14.554329	0.010086669
2459679.9939	14.558468	0.010088647
2459679.9964	14.540361	0.010080062
2459679.9989	14.534307	0.010077232
2459680.00142	14.515501	0.010068569
2459680.00392	14.528598	0.010074581
2459682.98931	14.530114	0.010075283
2459682.99174	14.522617	0.010071825
2459682.99417	14.53152	0.010075936
2459682.9966	14.521158	0.010071155
2459682.99903	14.518848	0.010070097
2459683.98878	14.5532675	0.010086163
2459683.99122	14.536361	0.01007819
2459683.99366	14.532292	0.010076296
2459683.99609	14.5197735	0.01007052
2459683.99853	14.551245	0.010085201
2459684.98943	14.532261	0.01007628
2459684.99191	14.527981	0.010074296
2459684.9944	14.511654	0.010066821
2459684.99687	14.530506	0.010075466
2459684.99934	14.537594	0.010078765
2459685.98872	14.494972	0.0100593325
2459685.99119	14.536233	0.010078129
2459685.99366	14.528357	0.01007447
2459685.99613	14.525376	0.010073094
2459685.99861	14.489519	0.010056917
2459687.98531	14.529512	0.010075006
2459687.98777	14.535451	0.010077764
2459687.99024	14.524957	0.0100729
2459687.9927	14.519338	0.01007032
2459687.99518	14.517954	0.010069689
2459689.9835	14.50941	0.010065805
2459689.98592	14.501816	0.010062386
2459689.98835	14.534312	0.010077234
2459689.99077	14.509583	0.010065884
2459689.99318	14.519636	0.010070457
2459707.92221	14.517931	0.010069679
2459707.96325	14.493228	0.010058558
2459736.93556	14.526913	0.010073803
2459739.95434	14.511011	0.01006653
2459742.90946	14.523566	0.010072261
2459744.91031	14.524435	0.01007266
2459748.93245	14.532009	0.010076162
2459751.89995	14.522243	0.010071652
2459753.94835	14.536526	0.010078267
2459756.88072	14.51009	0.0100661125
2459763.92836	14.514903	0.010068296
2459765.95088	14.540973	0.010080349
2459773.91138	14.52076	0.010070972
2459773.96332	14.554858	0.010086921
2459776.89215	14.55272	0.010085902
2459776.95455	14.541423	0.01008056
2459779.88793	14.530051	0.010075254
2459779.96574	14.54161	0.010080648
2459785.88624	14.534298	0.010077228
2459787.84483	14.492869	0.010058399
2459789.95736	14.514732	0.010068219
2459795.88929	14.524734	0.0100727985
2459798.86585	14.551203	0.01008518
2459801.9513	14.561463	0.010090086
2459803.85354	14.528086	0.010074345
2459806.86469	14.52099	0.010071077
2459808.84727	14.559369	0.010089079
2459812.82781	14.5354185	0.010077749
2459814.89076	14.505172	0.010063893
2459816.89127	14.512591	0.010067246
2459818.90973	14.519587	0.010070434
2459822.807	14.510115	0.010066125
2459824.82484	14.533532	0.010076871
2459826.78919	14.505406	0.010063999
2459843.77075	14.534629	0.0100773815
2459845.76308	14.492546	0.010058256
2459847.74615	14.532429	0.010076358
2459849.68748	14.525408	0.010073108
2459851.6799	14.531578	0.010075962
2459853.77343	14.515182	0.010068424
2459855.81593	14.501895	0.010062422
2459857.88909	14.51698	0.010069244
2459859.72337	14.517674	0.010069561
2459861.78173	14.511858	0.010066914
2459865.66348	14.529232	0.010074874
2459867.69015	14.500001	0.010061575
2459870.76853	14.528615	0.01007459
2459872.70522	14.515845	0.010068727
2459874.6662	14.499482	0.010061342
2459877.8102	14.516434	0.010068995
2459879.7723	14.526232	0.010073489
2459881.74921	14.51286	0.010067368
2459883.63652	14.532607	0.010076441
2459889.78289	14.523376	0.010072173
2459894.64182	14.523623	0.010072287
2459896.64537	14.514836	0.010068267
2459898.74943	14.530578	0.010075498
2459900.74305	14.461718	0.010044843
2459902.66243	14.512626	0.010067262
2459904.71434	14.523443	0.010072203
2459906.66141	14.50933	0.010065769
2459908.65979	14.479192	0.010052385
2459910.66716	14.519319	0.010070313
2459913.65821	14.518613	0.010069989
2459922.67631	14.495432	0.010059537
2459924.64345	14.528094	0.010074349
2459933.66644	14.5209875	0.010071076
2459937.70083	14.500537	0.0100618135
2459951.6558	14.516085	0.010068836
2459958.64269	14.514034	0.010067902
2459968.66382	14.47933	0.010052445
2459972.65771	14.53757	0.010078755
