JD	mag	mag_err
2458217.99096	15.178737	0.011591554
2458218.01376	15.208929	0.011619928
2458218.98895	15.197552	0.011609115
2458220.00519	15.245547	0.011655746
2458244.98384	15.139078	0.011453265
2458244.98476	15.200606	0.011612003
2458246.94684	15.146986	0.011562816
2458246.94775	15.258257	0.011608843
2458247.96531	15.232886	0.011643183
2458247.96623	15.346375	0.011734409
2458249.9502	15.175103	0.011498654
2458249.95067	15.16088	0.011575254
2458249.96588	15.166906	0.011488205
2458249.96637	15.217459	0.011628131
2458254.96383	15.288308	0.011699596
2458254.98714	15.058572	0.011356667
2458255.96398	15.290252	0.011701641
2458255.9649	15.232759	0.011574229
2458256.92385	15.218617	0.011555349
2458256.96611	15.174255	0.01149757
2458256.96703	15.250099	0.01166031
2458257.92194	15.22757	0.011567273
2458257.92243	15.247303	0.011657504
2458257.96855	15.064751	0.011363852
2458257.96998	15.380622	0.011802076
2458258.95473	15.38078	0.011802263
2458263.87754	15.18381	0.011509833
2458263.92276	15.1456585	0.011561637
2458266.85817	15.247273	0.011657475
2458266.88257	15.19888	0.011529376
2458268.95165	15.061179	0.011359694
2458268.95307	15.246947	0.011657149
2458269.9242599998	15.205405	0.0116165625
2458269.92517	15.233275	0.011574921
2458270.92603	15.219793	0.01155691
2458270.92699	15.30333	0.01171553
2458271.94793	15.112745	0.011420949
2458271.94884	15.425316	0.01185575
2458272.96359	15.169296	0.011491246
2458272.9645	15.210923	0.0116218375
2458273.92412	15.267102	0.011677573
2458273.92508	15.193002	0.011521724
2458274.96757	15.270404	0.011680965
2458274.97135	15.124415	0.011435183
2458275.92707	15.2879925	0.011699264
2458276.95134	15.239831	0.011650052
2458276.9667	15.043593	0.011339401
2458277.93108	15.017522	0.011309859
2458277.93157	15.2754135	0.011686139
2458278.96715	15.391934	0.0118154045
2458278.96938	15.411213	0.011833012
2458279.92943	15.216272	0.011552241
2458279.9299	15.231866	0.011642179
2458280.8703	15.223164	0.011561393
2458280.96838	15.148678	0.011564317
2458281.96924	15.142901	0.011559198
2458281.96972	15.099958	0.011405513
2458282.96881	15.170312	0.011492537
2458282.9693	15.301222	0.011713276
2458283.88682	15.228655	0.011568727
2458283.88773	15.266405	0.011676858
2458285.90725	15.102339	0.011408373
2458285.90817	15.275917	0.011686659
2458286.97653	15.244711	0.011654912
2458287.96546	15.2322645	0.011573564
2458287.96593	15.221553	0.0116321
2458288.95508	15.202997	0.011614271
2458288.97301	15.15905	0.011478259
2458289.95262	15.344057	0.011760167
2458289.97714	15.150826	0.011467918
2458290.97226	15.304599	0.011716889
2458290.97608	15.095729	0.011400443
2458291.97162	15.127046	0.011438411
2458291.97259	15.067315	0.011495448
2458292.96972	15.243873	0.011654075
2458292.97063	15.058804	0.011356935
2458293.97271	15.212195	0.011546851
2458293.97458	15.296711	0.011708473
2458294.96952	15.195241	0.011606935
2458294.97232	15.294456	0.011659288
2458296.84422	15.23888	0.011649108
2458296.86512	15.244089	0.011589517
2458297.93607	15.146786	0.011562637
2458298.92272	15.187425	0.011599612
2458298.94632	15.184485	0.011510704
2458299.91443	15.307281	0.011677538
2458299.92829	15.20758	0.011618638
2458300.92839	15.749983	0.012447959
2458300.93258	15.127994	0.011546149
2458301.94983	15.096912	0.011401859
2458301.95031	15.1370945	0.011554086
2458302.9067	15.400797	0.011816801
2458303.86005	15.306097	0.011718496
2458303.97822	15.106062	0.011412859
2458304.88327	15.206454	0.0115392925
2458304.90004	15.306928	0.011719389
2458305.90368	15.240005	0.011583989
2458305.9046	15.2474785	0.011657679
2458307.91167	15.287003	0.011698223
2458310.92494	15.194039	0.011605806
2458310.92585	15.329127	0.011709084
2458312.92805	14.959196	0.011246043
2458312.92897	15.051658	0.011482977
2458313.91409	15.11188	0.011532311
2458314.9355	15.3676605	0.011787017
2458316.94769	15.080115	0.011505828
2458316.9486	15.064864	0.011363984
2458318.86252	15.210437	0.011621372
2458319.95786	14.9916315	0.011281149
2458319.95877	15.348913	0.011765631
2458320.88917	15.778833	0.012388906
2458321.96726	15.391726	0.011815155
2458321.96774	14.983189	0.01127192
2458322.90471	15.505694	0.011959393
2458322.90519	15.2431135	0.011588195
2458323.97574	15.16119	0.011575534
2458323.9776	15.242242	0.0115870135
2458324.97417	15.073612	0.011374222
2458324.97508	15.322415	0.011736185
2458325.97299	15.363771	0.011782545
2458325.97391	15.145617	0.011461402
2458326.91439	15.155465	0.011473742
2458326.9153	15.143974	0.011560146
2458327.90138	15.223856	0.01163434
2458327.90371	15.255746	0.011605401
2458328.87985	15.282788	0.01169381
2458328.90672	15.065347	0.011364548
2458329.8636	15.130895	0.011443147
2458329.86502	15.2863035	0.011697491
2458330.88301	15.133263	0.011550734
2458330.90273	15.090935	0.011394718
2458332.8409	15.137781	0.011554688
2458333.82482	15.358161	0.011776122
2458333.83881	14.884288	0.011168482
2458334.86105	15.398491	0.011823209
2458334.86246	15.085676	0.011388464
2458335.85794	15.171925	0.011494595
2458336.84659	15.120545	0.011430447
2458336.84753	15.209717	0.011620682
2458337.8457	15.13548	0.011448808
2458337.84712	15.235186	0.011645452
2458338.84122	15.242642	0.011652848
2458338.84404	15.010939	0.011302499
2458340.88897	15.078627	0.011504612
2458342.84341	15.100856	0.011406589
2458342.84389	15.385583	0.011807902
2458343.84762	15.344097	0.011760213
2458344.93193	15.07074	0.011498208
2458345.83934	15.127008	0.011545295
2458345.8611	15.171877	0.011494534
2458346.89076	15.357664	0.011775559
2458346.89218	15.781154	0.012514139
2458347.9094	15.089962	0.011393559
2458347.91082	15.338254	0.011753676
2458349.82528	15.313149	0.0117261
2458350.88985	15.365475	0.011784501
2458350.89076	15.173624	0.011496765
2458351.8827	15.248613	0.0116588175
2458351.88319	15.14871	0.011465268
2458352.82468	15.062862	0.011361652
2458352.82563	15.782956	0.012396408
2458353.91284	15.135196	0.011552423
2458353.93671	14.835496	0.011120474
2458353.97137	15.266026	0.01167647
2458353.97229	14.876996	0.011161184
2458354.77763	15.248652	0.011658857
2458354.92793	15.198173	0.011528452
2458355.81749	15.168773	0.011582416
2458355.84064	14.997301	0.011287383
2458355.93374	14.836419	0.011121366
2458355.93525	15.310799	0.011723558
2458356.83889	15.11874	0.011538168
2458356.96585	15.025265	0.011318564
2458356.96677	15.227305	0.011637708
2458357.72226	15.184827	0.011511142
2458357.72274	15.22781	0.011638201
2458357.88177	15.242521	0.011652728
2458357.91489	15.41161	0.011833631
2458358.77884	15.204522	0.0116157215
2458358.91051	15.199413	0.0115300715
2458359.80608	15.242612	0.011652818
2458359.86312	15.291946	0.01170343
2458359.88135	15.220609	0.0115579935
2458360.80789	15.079343	0.011505197
2458360.83848	15.137103	0.01145082
2458361.78017	15.216095	0.0116268145
2458362.82236	15.112506	0.011420659
2458362.82327	15.064579	0.011493252
2458363.78413	15.210175	0.011544186
2458363.78512	15.243141	0.011653345
2458364.80762	15.017412	0.011456545
2458364.80853	15.066273	0.011365627
2458365.84481	15.394325	0.011818241
2458365.84626	15.145308	0.011461018
2458366.83545	15.263295	0.011673677
2458366.83636	15.126973	0.011438322
2458367.83503	15.142536	0.0115588745
2458367.8365	15.104038	0.01141042
2458368.79302	15.085223	0.011510015
2458368.80421	15.047688	0.0113440985
2458369.87689	15.29486	0.0117065115
2458370.78984	15.331794	0.011746503
2458370.80154	15.176447	0.011500375
2458371.81025	15.200805	0.01161219
2458371.81116	14.990297	0.011279686
2458372.86713	15.333136	0.011714936
2458373.79014	15.235568	0.01164583
2458373.80631	15.163194	0.011483497
2458374.82948	15.096286	0.0114011085
2458374.83227	15.353589	0.011770923
2458375.85215	15.229724	0.0116400765
2458375.86577	15.033541	0.0113279335
2458376.85361	15.162436	0.01157666
2458377.79257	15.106457	0.011527716
2458377.79304	15.225821	0.0115649365
2458378.78582	15.432731	0.011864923
2458378.78722	15.164501	0.011485156
2458379.80461	15.142585	0.011457624
2458379.80553	15.266532	0.011676988
2458380.82672	15.168815	0.011582453
2458380.82813	15.40369	0.011821289
2458382.8257	15.19118	0.011603123
2458382.84955	15.190946	0.011519055
2458383.80667	15.107819	0.011528866
2458383.80714	15.058891	0.011357037
2458384.70284	15.205663	0.011538254
2458384.70375	15.03177	0.011467488
2458385.74262	15.245728	0.011655927
2458385.7695	15.41534	0.0118394755
2458386.77657	15.037177	0.011332071
2458386.77802	15.035802	0.011470596
2458387.92908	15.236477	0.011579228
2458387.92998	15.174046	0.011587238
2458388.74704	15.177546	0.011590457
2458388.75743	15.122165	0.011432427
2458389.75604	15.030579	0.011324572
2458390.69594	15.287372	0.011698611
2458400.6942	15.255543	0.011665799
2458400.71751	15.115286	0.011424037
2458423.63955	15.213265	0.011624088
2458425.62586	15.150954	0.0115663465
2458428.62314	15.125094	0.011543638
2458428.62405	15.214267	0.011549586
2458429.64255	15.219631	0.011630234
2458429.64352	15.34539	0.011732953
2458430.68935	15.286593	0.011697794
2458430.69026	15.195692	0.011525221
2458431.67933	15.131247	0.011548976
2458431.67981	15.186956	0.0115138935
2458433.62347	15.112695	0.011533003
2458434.68465	15.221071	0.011631632
2458434.70852	15.198803	0.011529274
2458435.62726	15.191728	0.011603637
2458435.76413	15.132254	0.011444823
2458436.62206	15.106293	0.011527576
2458437.76127	15.165181	0.011486017
2458437.76218	15.206473	0.011617581
2458439.71212	15.201652	0.011612995
2458439.71258	15.242057	0.011652265
2458439.71351	15.720341	0.012386669
2458439.72168	15.311659	0.011724487
2458439.72214	15.005356	0.01144751
2458439.72307	15.399304	0.011814489
2458439.73126	14.948154	0.011406506
2458439.73238	15.210532	0.011544656
2458441.71182	15.070898	0.011498337
2458441.71227	15.201912	0.011613241
2458441.71364	15.185926	0.011512564
2458441.7141	14.99175	0.011281278
2458441.72158	15.153811	0.0115689
2458441.72204	15.3771105	0.011797973
2458441.7234	15.407401	0.011827062
2458441.72386	15.089431	0.011392925
2458441.7861	15.234491	0.011576556
2458441.78801	15.209354	0.011620333
2458442.76607	15.16157	0.0114814425
2458442.76699	15.332205	0.011746958
2458447.84772	15.229429	0.011569762
2458449.7223	15.189304	0.011516928
2458449.72621	15.204521	0.011536755
2458449.73204	15.201704	0.011533066
2458449.73475	15.207958	0.011618998
2458449.73736	15.205319	0.0116164815
2458449.73783	15.181402	0.0115067335
2458449.73832	15.213326	0.011624145
2458449.74452	15.208318	0.0116193425
2458449.74501	15.213226	0.011548211
2458449.74702	15.181676	0.011594271
2458450.7396	15.281829	0.011641515
2458450.74006	15.1733265	0.011496383
2458451.7150499998	15.118076	0.011537599
2458451.7166	15.382764	0.011789074
2458451.71769	15.040238	0.011335564
2458451.71966	15.212492	0.011623343
2458451.73217	15.208282	0.011541694
2458451.73679	15.121087	0.011540184
2458451.74165	15.379694	0.011784397
2458451.74606	15.173266	0.011586525
2458451.74652	15.197002	0.011608596
2458456.63599	15.186359	0.011513122
2458457.65978	15.172076	0.011494788
2458457.66069	15.167414	0.011581178
2458468.593	15.14804	0.01156375
2458468.59345	15.06958	0.011497272
2458468.59391	15.120929	0.011540049
2458468.59436	15.443443	0.011878309
2458468.59483	15.390169	0.011813314
2458468.59528	15.160324	0.011574754
2458468.59574	15.096946	0.011519728
2458468.59619	15.305159	0.011717491
2458468.59664	15.283368	0.011694416
2458468.59711	15.449637	0.011886125
2458468.59756	15.244571	0.011654771
2458468.59801	15.140978	0.0115575
2458468.59847	15.1522455	0.011567499
2458468.59892	15.197699	0.011609253
2458468.59939	15.210619	0.011621546
2458468.59985	15.096874	0.01151967
2458468.6003	15.1082735	0.011529251
2458468.60075	15.114576	0.011534608
2458468.60121	15.258258	0.011668552
2458468.60167	15.141867	0.011558285
2458468.60213	15.12281	0.011541667
2458468.60258	15.219207	0.011629823
2458468.60304	15.250123	0.011660335
2458468.60349	15.236214	0.011646468
2458468.60396	15.362302	0.011780858
2458468.60441	15.188675	0.011600779
2458468.60486	15.158256	0.01157289
2458468.60532	15.198838	0.01161033
2458468.60577	15.23767	0.011647909
2458468.60624	15.182599	0.011595126
2458468.60669	15.161477	0.011575794
2458468.60715	15.204895	0.011616077
2458468.6076	15.25726	0.011667538
2458468.60807	15.200967	0.0116123445
2458468.60852	15.217854	0.011628514
2458468.60897	15.195258	0.011606952
2458468.60943	15.2282915	0.011638673
2458468.60989	15.156006	0.011570865
2458468.61035	15.17832	0.011591169
2458468.6108	15.14023	0.011556841
2458468.61126	15.168764	0.011582408
2458468.61171	15.139919	0.011556568
2458468.61217	15.159681	0.011574172
2458468.61263	15.257738	0.011668024
2458468.61309	15.172972	0.011586253
2458468.61354	15.174179	0.011587359
2458468.61399	15.175272	0.011588365
2458468.61445	15.176093	0.011589118
2458468.61491	15.169206	0.01158281
2458468.61537	15.187279	0.011599476
2458468.61582	15.248334	0.011658537
2458468.61628	15.219151	0.011629769
2458468.61673	15.240598	0.011650814
2458468.6172	15.350306	0.011767205
2458468.61765	15.20802	0.0116190575
2458468.61811	15.331484	0.011746161
2458468.61857	15.157046	0.011571799
2458468.61903	15.142718	0.011559036
2458468.61949	15.242171	0.011652377
2458468.61994	15.211866	0.011622744
2458468.6204	15.226699	0.011637114
2458468.62087	15.245797	0.0116559975
2458468.62132	15.229535	0.011639891
2458468.62177	15.285604	0.011696756
2458468.62223	15.243268	0.011653471
2458468.62268	15.152148	0.011567412
2458468.62315	15.139525	0.011556222
2458468.6236	15.148959	0.011564568
2458468.62406	15.165729	0.011579645
2458468.62451	15.14381	0.0115600005
2458468.62497	15.179602	0.011592352
2458468.62543	15.320024	0.01173357
2458468.62589	15.301684	0.01171377
2458468.62634	15.323359	0.011737218
2458468.62679	15.17795	0.011590828
2458468.62725	15.16554	0.011579473
2458468.62771	15.189435	0.01160149
2458468.62817	15.123038	0.011541865
2458468.62862	15.177683	0.011590581
2458468.62908	15.172951	0.011586234
2458468.62953	15.141144	0.011557646
2458468.62999	15.3987055	0.011823465
2458468.63045	15.181962	0.011594537
2458468.6309	15.259686	0.011670002
2458468.63136	15.194383	0.011606128
2458468.63181	15.1772175	0.011590154
2458468.63227	15.151412	0.011566755
2458468.63273	15.246861	0.011657063
2458468.63318	15.124628	0.011543237
2458468.63364	15.426401	0.011857087
2458468.63409	15.12378	0.011542505
2458468.63456	15.393682	0.011817478
2458468.63501	15.43106	0.011862848
2458468.63547	15.408116	0.0118347695
2458468.63592	15.215896	0.011626623
2458468.63639	15.390787	0.011814044
2458468.63684	15.188399	0.011600522
2458468.6373	15.16482	0.011578821
2458468.63775	15.204478	0.01161568
2458468.63821	15.152498	0.011567725
2458468.63867	15.184189	0.011596602
2458468.63913	15.162456	0.011576678
2458468.63958	15.371115	0.01179101
2458468.64004	15.231963	0.011642276
2458468.64049	15.177515	0.011590429
2458468.64096	15.401668	0.011827009
2458468.64141	15.170564	0.011584049
2458468.64186	15.157981	0.011572642
2458468.64232	15.3026495	0.011714803
2458468.64277	15.07557	0.011502122
2458468.64324	15.166189	0.011580065
2458468.64369	15.108636	0.011529559
2458468.64415	15.343187	0.011759192
2458468.6446	15.367192	0.011786477
2458468.64507	15.12218	0.011541124
2458468.64552	15.124323	0.011542972
2458468.64598	15.117501	0.011537107
2458468.64643	15.1253	0.011543817
2458468.64689	15.346077	0.011762437
2458468.64735	15.202634	0.011613927
2458468.64781	15.201783	0.011613118
2458468.64826	15.118566	0.0115380185
2458468.64872	15.063139	0.011492098
2458468.64917	15.3864975	0.0118089765
2458468.64964	15.103258	0.011525019
2458468.65009	15.173336	0.011586587
2458468.65054	15.370208	0.01178996
2458468.651	15.208507	0.011619523
2458468.65147	15.187957	0.011600109
2458468.65192	15.4513445	0.011888288
2458468.65237	15.109273	0.011530098
2458468.65283	15.249132	0.011659337
2458468.65328	15.342394	0.011758302
2458468.65375	15.237486	0.011647726
2458468.6542	15.25466	0.011664906
2458468.65465	15.394422	0.011818357
2458468.65511	15.2942295	0.011705843
2458468.65556	15.374978	0.011795493
2458468.65603	15.221995	0.011632529
2458468.65648	15.198696	0.011610196
2458468.65694	15.3327465	0.011747559
2458468.65739	15.278057	0.011688881
2458468.65785	15.407608	0.011834156
2458468.65831	15.161156	0.011575502
2458468.65877	15.352786	0.011770013
2458468.65923	15.245363	0.011655563
2458468.65968	15.168181	0.011581876
2458468.66015	15.195463	0.011607147
2458468.6606	15.214404	0.011625183
2458468.66105	15.234294	0.011644572
2458468.66151	15.316979	0.011730255
2458468.66196	15.223176	0.011633678
2458468.66243	15.184619	0.011597002
2458468.66288	15.214654	0.011625425
2458468.66334	15.225234	0.0116356835
2458468.66379	15.219421	0.01163003
2458468.66425	15.22636	0.011636784
2458468.66471	15.205925	0.011617059
2458468.66517	15.216159	0.011626875
2458468.66562	15.17196	0.011585328
2458468.66608	15.200444	0.01161185
2458468.66653	15.228501	0.011638878
2458468.667	15.181182	0.011593815
2458468.66745	15.199293	0.011610759
2458468.66791	15.187897	0.011600053
2458468.66836	15.233438	0.011643727
2458468.66883	15.21144	0.011622333
2458468.66929	15.191648	0.01160356
2458468.66975	15.189724	0.01160176
2458468.6702	15.212264	0.011623125
2458468.67067	15.310834	0.0117235975
2458468.67112	15.2481365	0.011658339
2458468.67157	15.208369	0.011619391
2458468.67203	15.1595745	0.0115740765
2458468.67248	15.179249	0.011592027
2458468.67295	15.348664	0.0117653515
2458468.6734	15.254881	0.011665131
2458468.67385	15.220078	0.011630667
2458468.67431	15.178866	0.011591673
2458468.67476	15.198069	0.011609602
2458468.67523	15.218046	0.0116286995
2458468.67568	15.198601	0.011610105
2458468.67614	15.19659	0.011608208
2458468.67659	15.163113	0.011577274
2458468.67705	15.364871	0.011783807
2458468.67751	15.34203	0.0117578935
2458468.67797	15.35651	0.011774244
2458468.67842	15.165614	0.011579541
2458468.67888	15.139943	0.01155659
2458468.67933	15.193024	0.011604852
2458468.6798	15.24101	0.011651224
2458468.68025	15.263051	0.011673428
2458468.6807	15.170141	0.011583664
2458468.68116	15.166208	0.011580083
2458468.68161	15.176907	0.011589867
2458468.68208	15.258922	0.011669224
2458468.68253	15.259357	0.0116696665
2458468.68299	15.223522	0.011634015
2458468.68344	15.182518	0.011595052
2458468.68391	15.247394	0.011657596
2458468.68436	15.202709	0.011613998
2458468.68482	15.19182	0.011603723
2458468.68527	15.162241	0.011576484
2458468.68574	15.234452	0.0116447285
2458468.68619	15.220593	0.0116311675
2458468.68665	15.256065	0.011666329
2458468.6871	15.230263	0.011640606
2458468.68756	15.188147	0.011600287
2458468.6880200002	15.318873	0.011732317
2458468.68848	15.19783	0.011609376
2458468.68893	15.247867	0.011658069
2458468.68938	15.224432	0.0116349
2458468.68984	15.223568	0.01163406
2458468.6903	15.303499	0.011715712
2458468.69076	15.195441	0.011607124
2458468.69121	15.239474	0.011649697
2458468.69167	15.22162	0.011632163
2458468.69212	15.156344	0.01157117
2458468.69257	15.176112	0.011589136
2458468.69304	15.211367	0.011622263
2458468.69349	15.269063	0.011679587
2458468.69395	15.183112	0.011595602
2458468.6944	15.181751	0.011594341
2458468.69487	15.155854	0.01157073
2458468.69532	15.212807	0.011623645
2458468.69577	15.18876	0.011600858
2458468.69623	15.265703	0.01167614
2458468.6967	15.16529	0.011579246
2458468.69715	15.212584	0.011623432
2458468.69761	15.190174	0.011602181
2458468.69806	15.238901	0.011649129
2458468.69852	15.339512	0.01175508
2458468.69898	15.219241	0.011629857
2458468.69944	15.186819	0.011599049
2458468.6999	15.285316	0.011696454
2458468.70035	15.295667	0.011707365
2458468.7008	15.249616	0.011659823
2458468.70127	15.204965	0.011616143
2458468.70172	15.160658	0.011575053
2458468.70218	15.211205	0.011622107
2458468.70263	15.221034	0.011631595
2458468.7031	15.224881	0.011635339
2458468.70355	15.230832	0.011641163
2458468.70401	15.217336	0.011628013
2458468.70446	15.214398	0.011625179
2458468.70492	15.179977	0.0115927
2458468.70538	15.237336	0.011647578
2458468.70584	15.217174	0.011627857
2458468.7063	15.211187	0.011622091
2458468.70675	15.183985	0.011596412
2458468.7072	15.20697	0.0116180545
2458468.70767	15.187131	0.01159934
2458468.70812	15.253104	0.011663334
2458468.70858	15.240688	0.011650903
2458468.70903	15.266685	0.011677144
2458468.7095	15.218045	0.0116286995
2458468.70995	15.209868	0.011620827
2458468.7104	15.236116	0.011646371
2458468.71086	15.251147	0.011661364
2458468.71131	15.220924	0.011631489
2458468.71178	15.176905	0.011589866
2458468.71223	15.217731	0.011628396
2458468.71269	15.363395	0.011782112
2458468.71314	15.20952	0.011620495
2458468.7136	15.218717	0.011629349
2458468.71406	15.203445	0.011614697
2458468.71452	15.181314	0.011593937
2458468.71497	15.171982	0.011585346
2458468.71543	15.249631	0.011659839
2458468.71588	15.224038	0.011634517
2458468.71635	15.214141	0.011624931
2458468.7168	15.198815	0.011610309
2458468.71726	15.301291	0.011713352
2458468.71771	15.249653	0.011659861
2458468.71818	15.220232	0.011630816
2458468.71863	15.189588	0.011601633
2458468.71909	15.219053	0.011629674
2458468.71954	15.229	0.011639366
2458468.72	15.260158	0.0116704805
2458468.72046	15.336583	0.011751817
2458468.72091	15.192793	0.011604636
2458468.72137	15.176777	0.011589747
2458468.72182	15.206972	0.011618057
2458468.72228	15.259341	0.011669651
2458468.72274	15.1958685	0.011607528
2458468.7232	15.1423435	0.011558706
2458468.72365	15.179976	0.011592698
2458468.72411	15.218545	0.011629183
2458468.72456	15.254142	0.011664383
2458468.72503	15.227654	0.011638049
2458468.72548	15.213645	0.011624454
2458468.72594	15.189459	0.011601512
2458468.72639	15.303483	0.011715694
2458468.72684	15.276032	0.01168678
2458468.72731	15.213542	0.011624353
2458468.72776	15.210568	0.011621498
2458468.72822	15.269127	0.011679651
2458468.72867	15.3309965	0.011745621
2458468.72914	15.276175	0.011686928
2458468.72959	15.267153	0.011677625
2458468.73005	15.230883	0.011641215
2458468.7305	15.176761	0.011589734
2458468.73096	15.229478	0.011639835
2458468.73142	15.2305355	0.011640872
2458468.73188	15.290295	0.011701686
2458468.73233	15.220519	0.011631096
2458468.73279	15.192563	0.011604421
2458468.73324	15.244848	0.011655049
2458468.7337	15.241307	0.011651519
2458468.73416	15.189945	0.011601967
2458468.73461	15.221604	0.011632149
2458468.73507	15.234203	0.011644482
2458468.73554	15.249142	0.011659348
2458468.73599	15.222524	0.011633044
2458468.73645	15.210623	0.011621549
2458468.7369	15.191363	0.011603293
2458468.73735	15.264602	0.011675012
2458468.73782	15.244307	0.011654507
2458468.73827	15.251456	0.011661674
2458468.73873	15.332404	0.01174718
2458468.73918	15.284463	0.011695561
2458468.73964	15.216069	0.011626788
2458468.7401	15.208295	0.011619322
2458468.74056	15.324649	0.011738631
2458468.74101	15.210065	0.011621014
2458468.74147	15.273794	0.011684462
2458468.74192	15.244475	0.011654676
2458468.74239	15.262697	0.011673068
2458468.74284	15.179198	0.011591981
2458468.7433	15.20864	0.011619651
2458468.74375	15.24898	0.0116591845
2458468.74422	15.231463	0.011641785
2458468.74467	15.150411	0.011565862
2458468.74513	15.149782	0.011565302
2458468.74558	15.220507	0.011631084
2458468.74604	15.233568	0.011643856
2458468.7465	15.183739	0.011596183
2458468.74696	15.325393	0.011739449
2458468.74741	15.216257	0.011626972
2458468.74786	15.189735	0.01160177
2458468.74832	15.233181	0.011643477
2458468.74879	15.164981	0.011578966
2458468.74924	15.304606	0.0117168985
2458468.7497	15.257149	0.011667425
2458468.75015	15.234888	0.011645159
2458469.60045	15.085255	0.011387964
2458471.63702	15.254121	0.011664363
2458471.64003	15.302842	0.011671199
2458472.60479	15.120802	0.01143076
2458472.61479	15.213718	0.011624523
2458474.63873	15.161059	0.011480797
2458474.6406	15.182305	0.011594853
2458475.65591	15.16892	0.01158255
2458475.6601	15.154749	0.011472841
2458476.61232	15.059811	0.011358104
2458476.61328	15.408628	0.011828976
2458476.61423	15.383998	0.011790957
2458476.61519	15.420857	0.011848151
2458476.61615	15.0577545	0.011355719
2458476.6171	15.044391	0.011340314
2458476.61806	15.100699	0.011406402
2458476.61997	15.392859	0.011804544
2458476.62093	15.182337	0.011507936
2458476.62284	15.088424	0.011391727
2458476.62379	15.222431	0.011560418
2458476.62475	15.086897	0.011389914
2458476.62571	15.426105	0.011856441
2458476.62666	15.078819	0.011380353
2458476.62762	15.175775	0.011499515
2458476.62857	15.34489	0.011732213
2458476.62953	15.136986	0.011450672
2458476.63048	15.098594	0.0114038745
2458476.63144	15.143033	0.011458183
2458476.6324	15.108835	0.011416211
2458476.63335	15.041496	0.011337001
2458476.63622	15.207628	0.011540833
2458476.63718	15.376823	0.011780034
2458476.63813	15.123725	0.011434337
2458476.64004	15.369562	0.011769044
2458476.641	15.191292	0.011519504
2458476.64196	15.145361	0.011461085
2458476.64291	15.159836	0.011479251
2458476.64387	15.38727	0.011795962
2458476.64482	15.079267	0.01138088
2458476.64578	15.05085	0.011347738
2458476.64673	15.350824	0.011741001
2458476.64769	15.18148	0.011506833
2458476.64865	15.296701	0.011662469
2458476.6496	15.069527	0.01136943
2458476.65056	15.3889	0.01179846
2458476.65151	15.1298065	0.011441806
2458476.65343	15.277237	0.011635099
2458476.65438	15.094578	0.011399066
2458476.65534	15.37312	0.011774421
2458476.65629	15.182582	0.011508251
2458476.65725	15.0475855	0.011343982
2458476.65821	15.34633	0.011734342
2458476.65916	15.0713825	0.011371605
2458476.66012	14.969723	0.011257334
2458476.66107	15.18358	0.011509538
2458476.66203	15.066936	0.011366402
2458476.66298	14.998891	0.011289137
2458476.66394	15.391962	0.011803164
2458476.6649	15.112887	0.011421121
2458476.66585	15.001618	0.01129215
2458476.6907	15.083063	0.011385367
2458476.69166	15.050115	0.011346891
2458476.69357	15.154679	0.011472754
2458476.69549	15.42471	0.011854235
2458476.69644	15.033216	0.011327565
2458476.69835	15.330389	0.011710925
2458476.69931	15.02949	0.011323341
2458476.70027	15.374825	0.011777001
2458476.70122	15.148565	0.011465087
2458476.70218	15.187908	0.011515123
2458476.70313	15.012359	0.011304083
2458476.70409	15.122656	0.011433028
2458476.70504	15.053611	0.011350923
2458476.70696	15.21297	0.011547873
2458476.70791	15.097062	0.01140204
2458476.70887	15.146621	0.011462657
2458476.70982	15.1438465	0.011459195
2458476.71078	15.415163	0.011839197
2458476.71173	15.087859	0.011391056
2458476.71269	15.086262	0.01138916
2458476.71365	15.090605	0.011394325
2458476.7146	15.070269	0.0113703
2458476.71556	15.140106	0.011454543
2458476.71747	15.141749	0.011456585
2458476.71938	15.396593	0.011810299
2458476.72034	15.024734	0.011317966
2458476.72129	15.127516	0.011438987
2458476.72225	15.080023	0.011381771
2458476.72319	15.347844	0.011736582
2458476.72416	15.134635	0.011447764
2458476.72512	15.178953	0.011503588
2458476.72607	15.080064	0.011381822
2458476.72797	15.05584	0.011353501
2458476.72894	15.124767	0.011435615
2458476.72988	15.130329	0.01144245
2458476.73084	15.342376	0.011728503
2458476.73181	15.048076	0.0113445455
2458476.73275	14.981126	0.011269674
2458476.73372	15.017638	0.011309989
2458476.73466	15.388248	0.011797462
2458476.73562	15.056082	0.011353781
2458476.73659	15.1660595	0.011487131
2458476.7385	15.203024	0.011534793
2458476.73944	15.756333	0.012461299
2458476.7404	15.061562	0.011360139
2458476.74137	15.432164	0.011866061
2458476.74231	15.149289	0.011465992
2458476.74327	15.388415	0.011797718
2458476.74422	15.008036	0.011299268
2458476.74518	15.147882	0.011464233
2458476.74709	15.179125	0.011503808
2458476.74805	15.013081	0.011304889
2458476.749	15.3902	0.011800454
2458476.74996	15.073334	0.011373895
2458476.75091	15.209145	0.011542828
2458476.75187	15.027744	0.011321366
2458476.75283	15.1417675	0.011456607
2458476.75378	15.422648	0.011850975
2458476.75474	15.042463	0.011338107
2458476.7557	15.20915	0.011542836
2458476.75665	15.059663	0.011357932
2458476.75761	15.135027	0.011448248
2458480.70755	15.141871	0.011456738
2458480.70851	15.169042	0.0114909215
2458480.70946	15.156845	0.011475478
2458480.71042	15.175908	0.011499685
2458480.71137	15.147072	0.011463218
2458480.71233	15.145362	0.011461086
2458480.71328	15.162095	0.011482106
2458480.71424	15.127664	0.01143917
2458480.7152	15.12326	0.011433768
2458480.71615	15.144349	0.011459823
2458480.71711	15.155915	0.011474308
2458480.71806	15.105827	0.011412578
2458480.72093	15.111073	0.011418921
2458480.72189	15.1559305	0.011474327
2458480.72284	15.173513	0.011496622
2458480.7238	15.121518	0.011431636
2458480.72475	15.163994	0.011484511
2458480.72571	15.136332	0.011449862
2458480.72667	15.15923	0.0114784865
2458480.72762	15.149326	0.011466038
2458480.72858	15.200853	0.011531953
2458480.72953	15.2227125	0.011560792
2458480.73049	15.195456	0.011524913
2458480.7314400002	15.195214	0.011524599
2458480.7324	15.284738	0.011645593
2458480.73336	15.178121	0.011502519
2458480.73431	15.21403	0.0115492735
2458480.73527	15.261414	0.011613181
2458480.73622	15.207886	0.011541172
2458480.73718	15.2696085	0.0116244955
2458480.73814	15.202882	0.011534607
2458480.73909	15.227932	0.011567757
2458480.74005	15.189161	0.011516743
2458480.741	15.21726	0.011553549
2458480.74196	15.204599	0.011536858
2458480.74292	15.182907	0.011508671
2458480.74387	15.195976	0.01152559
2458480.74483	15.173636	0.0114967795
2458480.74578	15.206922	0.011539906
2458480.74674	15.2218485	0.011559643
2458480.7477	15.19809	0.011528344
2458480.74865	15.216674	0.011552772
2458480.74961	15.201145	0.011532334
2458480.75056	15.155005	0.011473164
2458480.75152	15.162289	0.011482351
2458480.75248	15.114378	0.011422932
2458480.75343	15.156225	0.011474698
2458480.75439	15.142959	0.01145809
2458480.75535	15.094761	0.011399283
2458480.7563	15.111153	0.011419017
2458480.75822	15.097933	0.011403081
2458480.75917	15.139879	0.011454261
2458480.76013	15.128821	0.011440593
2458480.76108	15.122802	0.0114332065
2458480.76204	15.122943	0.01143338
2458486.60455	15.329832	0.011710111
2458490.63559	15.214421	0.011549791
2458490.63606	15.194835	0.011606553
2458494.5907	15.235285	0.011577622
2458494.59162	15.235934	0.011646191
2458511.61751	15.193414	0.011522258
2458593.94665	15.273442	0.011684099
2458601.9942	15.046111	0.011342288
2458601.99511	15.151256	0.011566616
2458605.94812	15.121011	0.011431015
2458605.94903	15.339299	0.0117548425
2458607.98813	15.367428	0.01178675
2458607.99089	15.099538	0.011405007
2458608.98499	15.0391655	0.011334338
2458608.98589	15.21641	0.011627119
2458632.9706	15.246491	0.011656691
2458633.9319	15.400058	0.01182508
2458634.83931	15.3943405	0.011818261
2458634.9279	15.381196	0.011786683
2458635.90421	15.100252	0.011522495
2458636.90717	15.172914	0.0115862
2458636.92466	15.105029	0.011411615
2458637.92736	14.921855	0.011388659
2458637.92874	15.039519	0.0113347415
2458638.97048	15.231438	0.0116417585
2458638.97278	15.198918	0.011529425
2458639.91163	15.088139	0.011391388
2458639.91358	15.206388	0.011617499
2458640.96993	15.16281	0.011483011
2458640.97131	15.187191	0.011599395
2458641.97289	15.381784	0.011787579
2458643.9660900002	15.18582	0.011598118
2458643.96746	15.1870165	0.01151397
2458644.97126	15.195067	0.011606772
2458644.97311	15.152685	0.011470249
2458646.97009	15.137244	0.011450993
2458646.97148	15.230064	0.01164041
2458650.84063	15.121867	0.011540855
2458651.93298	15.214373	0.011625153
2458651.93389	15.056322	0.011354061
2458652.92425	15.170661	0.011584139
2458652.94496	15.197853	0.011528036
2458653.95031	15.367592	0.011766075
2458653.95121	15.268641	0.011679153
2458654.95043	15.210416	0.011544503
2458654.95091	15.217393	0.011628069
2458657.92492	15.179949	0.011592672
2458657.92679	15.208616	0.011542134
2458663.93385	15.208878	0.011619877
2458663.93434	15.226706	0.01156612
2458665.94516	15.384605	0.011791886
2458665.94564	15.332218	0.011746973
2458666.93304	15.402781	0.011828345
2458666.93351	15.057555	0.011355488
2458667.96894	15.124569	0.011435371
2458667.96942	15.226183	0.011636611
2458668.8645	15.145206	0.011561237
2458668.86497	15.316683	0.011691042
2458669.92517	15.1247225	0.01143556
2458669.92565	15.331696	0.011746396
2458670.9664	15.036952	0.011331815
2458670.96688	15.298193	0.01171005
2458672.9743	15.123523	0.01143409
2458672.9752	15.2393055	0.01164953
2458673.95333	15.113222	0.011533453
2458673.95381	15.028837	0.011322602
2458674.97044	15.336381	0.011751592
2458676.97514	15.189079	0.011516637
2458676.97697	15.331018	0.011745647
2458677.80597	15.184401	0.011510594
2458677.80646	15.154111	0.011569168
2458683.9235	15.376352	0.011779318
2458683.92397	15.28129	0.0116922455
2458690.8705	15.192696	0.011604544
2458690.90755	14.9848175	0.011273695
2458693.88521	15.105265	0.011526709
2458693.8857	15.099274	0.011404689
2458696.88333	15.118048	0.011427399
2458696.88478	15.209616	0.011620585
2458699.88703	15.217746	0.011554194
2458702.89571	15.725515	0.012397256
2458703.91531	15.15672	0.011571509
2458705.95768	15.143726	0.011459046
2458706.91664	15.231719	0.011642035
2458708.99402	15.381717	0.011787476
2458714.86935	14.98173	0.011270333
2458715.87098	15.253246	0.011663481
2458717.82183	15.171979	0.0115853455
2458717.82273	15.316592	0.011690911
2458717.82363	15.137786	0.011451663
2458719.83392	15.212748	0.01162359
2458719.83482	15.243214	0.011653419
2458719.8353	15.205375	0.011537874
2458722.82177	15.168758	0.011490561
2458722.82266	15.020593	0.011458952
2458722.82357	15.115143	0.01153509
2458723.88338	15.191936	0.011520338
2458723.88428	15.070754	0.01149822
2458723.88579	15.380499	0.011785622
2458726.81874	15.356599	0.011749596
2458730.89823	15.041388	0.011336878
2458730.91371	15.475696	0.011919611
2458730.91552	15.195784	0.011607446
2458733.88753	15.3609295	0.011756069
2458733.88986	15.166482	0.0114876665
2458734.87674	15.191236	0.011603174
2458735.88974	15.080536	0.011382379
2458735.89064	15.147633	0.011563388
2458736.90968	15.078239	0.011504296
2458736.91201	15.253387	0.011663621
2458736.92738	15.316788	0.011691193
2458736.92829	15.121282	0.011431348
2458737.82887	15.225979	0.011636411
2458738.66866	15.25466	0.011664906
2458738.67274	15.169529	0.011491541
2458738.72081	15.228558	0.011638933
2458738.72219	15.1573105	0.011476065
2458738.73051	15.20909	0.011620081
2458738.7319	15.158654	0.01147776
2458739.66758	15.208489	0.011619506
2458739.67168	15.194073	0.011523114
2458739.7203	15.249369	0.011659577
2458739.72999	15.160501	0.011574913
2458739.73138	15.294866	0.011659868
2458740.66802	15.17348	0.01158672
2458740.67213	15.2461195	0.011592273
2458740.72059	15.354522	0.011771983
2458740.72197	15.169154	0.011491064
2458740.73028	15.261148	0.011671488
2458740.73167	15.361938	0.011757581
2458740.86012	15.143448	0.01155968
2458741.6682	15.20226	0.011613571
2458741.67231	15.186517	0.011513325
2458741.72069	15.174172	0.011587354
2458741.72208	15.48893	0.011958646
2458741.73037	15.0402155	0.011474016
2458741.73176	15.337914	0.011721938
2458743.66866	15.288479	0.011699775
2458743.7204	15.148368	0.011564042
2458743.72181	15.190246	0.011518148
2458743.73012	15.19496	0.011606671
2458743.73151	15.167554	0.011489029
2458743.86881	15.250937	0.01159883
2458744.66761	15.350172	0.011767053
2458744.67245	15.413613	0.011836767
2458744.72087	15.206834	0.011617925
2458744.72225	15.073812	0.011374457
2458744.73056	15.301622	0.011713704
2458744.73194	15.138582	0.011452652
2458744.8727	15.086596	0.011511145
2458744.87408	15.100636	0.011406325
2458745.66841	15.137514	0.0115544535
2458745.67258	15.406462	0.011825599
2458745.72103	15.157648	0.011572341
2458745.72242	15.746746	0.012441189
2458745.73074	15.349599	0.011766407
2458745.84755	15.19383	0.011605608
2458745.84939	15.103586	0.011409876
2458746.69275	15.188133	0.011600275
2458746.69705	15.17349	0.011496593
2458746.72507	15.204177	0.011615392
2458746.72646	15.208784	0.011542355
2458746.73477	15.2035885	0.011614834
2458746.73615	15.190332	0.01151826
2458747.66832	15.132273	0.011549871
2458747.67251	15.263608	0.011616204
2458747.71949	15.176383	0.011589385
2458747.72087	15.4109745	0.01183264
2458747.72918	15.199659	0.011611106
2458747.73057	15.339292	0.011723963
2458748.66746	15.237036	0.01164728
2458748.67165	15.212385	0.011547101
2458748.72072	15.229826	0.011640176
2458748.72211	15.156528	0.011475082
2458748.73042	15.197231	0.011608812
2458748.7318	15.13933	0.011453579
2458749.66896	15.1353445	0.011552553
2458749.67318	15.356196	0.011748995
2458749.72055	15.105798	0.011527159
2458749.72194	14.988432	0.011277645
2458749.73025	15.143645	0.011559855
2458749.73164	15.034846	0.011329417
2458750.66925	15.202032	0.011613355
2458750.67349	15.199265	0.011529877
2458750.72088	15.144982	0.011561037
2458750.72227	15.220896	0.011558375
2458750.73059	15.205294	0.011616456
2458750.73197	15.18322	0.011509073
2458751.6669	15.33752	0.011752858
2458751.67114	15.231716	0.0115728285
2458751.72068	15.18874	0.011600841
2458751.72207	15.178453	0.011502947
2458751.73038	15.213944	0.011624742
2458751.73175	15.167483	0.01148894
2458754.66655	15.093521	0.0115168765
2458754.67083	15.23258	0.011573988
2458754.71996	15.192309	0.011604182
2458754.72134	15.180688	0.011505815
2458754.72966	15.214365	0.0116251465
2458754.73105	15.108365	0.011415642
2458757.80806	15.336118	0.011719303
2458758.67556	15.187548	0.011599728
2458758.67997	15.132643	0.011445303
2458758.7251	15.182665	0.011595188
2458758.72648	15.035653	0.0113303345
2458758.73479	15.226406	0.011636828
2458758.73618	15.010982	0.011302547
2458758.79365	15.236927	0.011647173
2458758.8077	15.326227	0.011704861
2458759.7108	15.231288	0.011641613
2458759.72436	15.215243	0.011625992
2458759.73406	15.221709	0.011632251
2458759.78535	15.24835	0.011658553
2458760.66803	15.090211	0.011514132
2458760.67242	15.099511	0.011404975
2458760.72121	15.167362	0.01158113
2458760.7226	15.111729	0.011419715
2458760.73092	15.208328	0.011619355
2458760.73231	15.425472	0.011855439
2458760.78972	15.231256	0.011641581
2458760.79062	15.170355	0.011492592
2458761.66701	15.156796	0.011571577
2458761.67145	15.186378	0.011513146
2458761.72015	15.192977	0.011604808
2458761.72153	15.103629	0.011409926
2458761.72985	15.215536	0.011626275
2458761.73124	15.378652	0.01178281
2458762.66675	15.376908	0.011797739
2458762.67117	15.101426	0.011407277
2458762.72169	15.185112	0.011597458
2458762.72308	15.1107645	0.011418547
2458762.7314	15.174608	0.011587754
2458762.73279	15.145209	0.011460895
2458763.66802	15.183616	0.011596069
2458763.67248	15.045867	0.011342007
2458763.72129	15.229473	0.01163983
2458763.72267	15.398208	0.011812793
2458763.73076	15.140967	0.011557491
2458763.73215	15.210981	0.011545248
2458764.65133	14.983673	0.011431609
2458764.65272	15.10713	0.01141415
2458764.71764	15.228253	0.011638635
2458764.72445	15.243287	0.011653489
2458764.72536	15.245622	0.0115915965
2458765.65278	15.237209	0.0116474535
2458765.65417	15.450585	0.011895613
2458765.71625	15.052716	0.011483813
2458765.72308	15.163741	0.011577841
2458766.65141	15.17183	0.011585208
2458766.65279	15.200085	0.011530948
2458766.71734	15.25839	0.011668685
2458766.71824	15.29777	0.0116639845
2458766.72417	15.199402	0.011610863
2458766.72507	15.070707	0.0113708135
2458767.65189	15.220772	0.011631341
2458767.65327	15.158043	0.011476988
2458768.65322	15.280312	0.011691227
2458768.6546	15.241134	0.011585514
2458768.71593	15.204638	0.011615831
2458768.71682	15.099982	0.01140554
2458768.72274	15.208111	0.011619144
2458768.72365	15.394481	0.01180704
2458769.65311	15.203166	0.011614432
2458769.6545	15.168018	0.011489619
2458769.71731	15.211674	0.011622558
2458769.71822	15.196251	0.011525948
2458769.72414	15.223265	0.011633764
2458769.72504	15.371934	0.011772626
2458770.65318	15.162703	0.011576901
2458770.65457	15.177266	0.011501424
2458770.71629	15.22209	0.011632621
2458770.71719	15.379248	0.011783717
2458770.72312	15.186687	0.011598926
2458770.72402	15.023004	0.011316017
2458771.65339	15.184369	0.011596769
2458771.65478	15.357441	0.011750853
2458771.71733	15.176847	0.011589813
2458771.7182299998	15.193526	0.011522404
2458771.72416	15.235598	0.011645859
2458771.72505	15.290364	0.011653509
2458772.6537	15.243942	0.011654145
2458772.65509	15.1388445	0.011452976
2458773.65233	15.124573	0.011543187
2458773.65372	15.31	0.011681432
2458774.65261	15.186159	0.011598434
2458774.654	15.208007	0.011541333
2458775.65234	15.130119	0.011547995
2458775.65373	15.407015	0.011826461
2458776.65156	15.216151	0.0116268685
2458776.65294	15.214184	0.011549478
2458777.65196	15.242537	0.011652744
2458777.65335	15.232986	0.011574532
2458778.65215	15.149951	0.0115654515
2458778.65354	15.106342	0.011413199
2458779.65194	15.110369	0.011531026
2458779.65333	15.025159	0.011318446
2458781.65182	15.213581	0.011624391
2458781.65321	15.211869	0.011546421
2458782.65091	15.035156	0.011470096
2458782.6523	15.117892	0.01142721
2458783.6521	15.106572	0.011527811
2458783.65348	15.182771	0.011508494
2458785.6531	14.972945	0.011260809
2458786.65861	15.171315	0.011584736
2458786.65998	15.123848	0.011434487
2458787.65095	15.208322	0.011619347
2458787.65233	15.176514	0.01150046
2458788.65181	15.198283	0.011609805
2458788.6532	15.199831	0.011530616
2458789.65217	15.182572	0.011595101
2458789.65356	15.30865	0.011679498
2458789.76576	15.2192955	0.011556249
2458790.64137	15.236831	0.011647077
2458790.64276	15.219211	0.011556136
2458790.68135	15.18283	0.01150857
2458790.68225	15.190301	0.0116023
2458792.65894	15.117877	0.011537429
2458792.65986	15.749218	0.012446359
2458793.61268	15.131477	0.011443864
2458793.61316	15.127144	0.011545412
2458796.61575	15.105159	0.011411771
2458796.61623	15.091686	0.011515354
2458798.75261	15.250603	0.011598373
2458798.75771	15.350742	0.0117676975
2458799.72583	15.325158	0.011739192
2458799.72811	15.135942	0.011449381
2458800.77409	15.019317	0.011457984
2458803.74446	15.381093	0.011786526
2458806.72154	15.147066	0.011463212
2458806.72363	15.217237	0.011627917
2458811.63812	15.219693	0.011556778
2458814.64204	15.146981	0.011562811
2458814.6662	15.225596	0.0115646375
2458819.66526	15.182751	0.011508469
2458828.78734	15.044859	0.011340852
2458833.57829	15.19832	0.01160984
2458833.59285	15.220724	0.011558148
2458837.57723	15.288526	0.011699825
2458837.5777	15.186241	0.01151297
2458846.62218	15.246108	0.011656309
2458846.62308	15.220882	0.011558359
2458850.60289	15.136573	0.011553629
2458854.65731	15.123479	0.011434036
2458856.63515	15.123308	0.011542098
2458859.6608	15.21167	0.011546157
2458860.63852	15.211809	0.011622689
2458863.59997	15.207519	0.011618578
2458872.62053	15.202829	0.011534539
2458873.59877	15.231651	0.011641968
2458875.61188	15.212555	0.011547324
2458878.63703	15.058267	0.011356313
2458881.61998	15.185641	0.011512195
2458885.63478	15.186044	0.011512714
2458942.00192	15.155041	0.011570001
2458964.94477	15.112465	0.011532809
2458968.91602	15.171663	0.011585055
2458971.9035900002	15.221599	0.011632145
2458979.95915	15.3234	0.011700755
2458980.97201	15.190285	0.011518199
2458981.95431	15.132618	0.011445272
2458981.95479	15.203683	0.011614922
2458987.8655	15.168546	0.011582209
2458987.9803	15.217475	0.011553833
2458992.93162	15.17765	0.011590552
2458996.97525	15.108174	0.011529166
2458996.97619	15.09832	0.011403546
2458999.94518	15.208514	0.011619531
2459010.85216	15.341747	0.011727577
2459010.85308	15.261926	0.011672279
2459013.86123	15.134519	0.01144762
2459013.86611	15.226474	0.011636894
2459016.97169	15.041717	0.011337253
2459016.97263	15.130543	0.011548363
2459022.96915	15.199515	0.011530205
2459025.89221	15.185137	0.011597482
2459028.97034	15.207065	0.011618146
2459028.97177	15.203331	0.011535196
2459031.94359	15.214334	0.011549674
2459031.94504	15.226511	0.0116369305
2459034.88589	15.205256	0.011537719
2459034.88918	15.220008	0.011630598
2459035.86046	15.407228	0.011826793
2459035.87256	15.148803	0.01156443
2459036.88677	15.101156	0.011406952
2459037.94802	15.177476	0.011590392
2459037.94949	15.197033	0.0115269665
2459037.98652	15.171328	0.011584748
2459038.8826	15.279325	0.011638014
2459038.8884	15.205906	0.01161704
2459039.94318	15.219542	0.011630147
2459039.9446	15.185189	0.011511611
2459040.86016	15.123792	0.011542514
2459040.87485	15.233188	0.011643482
2459040.89544	15.060795	0.011359248
2459041.98775	15.098814	0.011404138
2459042.88618	15.159702	0.011574192
2459042.96974	15.168404	0.011490109
2459042.98737	15.2702465	0.011680804
2459042.98879	15.421499	0.011849163
2459043.88734	15.34204	0.011728008
2459043.88781	15.258849	0.011669151
2459043.98989	15.140853	0.011455471
2459044.98356	15.278742	0.011689592
2459044.98404	15.340896	0.011726323
2459045.99115	15.257959	0.011608435
2459046.89488	15.320363	0.011733941
2459046.91599	15.374752	0.01179523
2459046.91745	15.082567	0.0113847805
2459048.91655	15.366394	0.011764271
2459049.91075	15.028841	0.011322605
2459049.91218	15.024677	0.011462057
2459050.96792	15.14565	0.011461443
2459050.98905	15.115115	0.011423828
2459050.99184	15.300455	0.011712458
2459051.88695	15.1505785	0.011566011
2459051.90839	15.1554575	0.011473732
2459052.88733	15.11659	0.011536328
2459052.91205	14.996738	0.0112867635
2459052.91682	15.168312	0.011489994
2459053.95415	15.397972	0.011812428
2459054.87279	15.115827	0.011535675
2459054.89242	15.132206	0.011444765
2459054.91431	15.096182	0.011400984
2459055.8662	15.116094	0.011535903
2459055.94725	15.045087	0.011341113
2459056.89589	15.223163	0.011633665
2459056.89636	15.0824795	0.011384676
2459057.94881	15.276941	0.011634687
2459059.94773	15.187333	0.01151438
2459059.94916	15.232624	0.011642926
2459059.95634	15.185721	0.011598027
2459059.95682	15.174111	0.011497386
2459060.95832	15.340583	0.011725862
2459061.80305	15.298455	0.011710329
2459061.80959	15.348687	0.011737831
2459062.82986	15.246177	0.0116563765
2459062.83267	15.17027	0.011492486
2459062.97355	15.159225	0.011573762
2459062.97589	15.196866	0.011526749
2459063.8047	15.230955	0.0116412835
2459063.8056199998	15.225264	0.011564194
2459064.82761	15.201522	0.01161287
2459064.82902	15.208075	0.011541421
2459065.86115	15.181223	0.011593851
2459065.86163	15.199582	0.011530293
2459065.92609	15.234786	0.011576953
2459065.92846	15.175311	0.0115884
2459066.99821	15.163127	0.011483413
2459068.85898	15.161503	0.011575818
2459068.87256	15.107297	0.011528424
2459068.8735	15.184639	0.011510902
2459069.93469	15.0224695	0.011315416
2459071.8452	15.191289	0.011603225
2459071.84569	15.1532955	0.0114710145
2459071.86621	15.101719	0.011407627
2459071.86668	15.3310995	0.011745737
2459073.00642	15.342475	0.011728649
2459076.84757	15.230954	0.011571806
2459076.84804	15.098203	0.011520781
2459076.86296	15.213173	0.011624
2459076.8639	15.107516	0.011414615
2459078.8035	15.132467	0.01155004
2459078.84343	15.216942	0.011553127
2459078.84391	15.277153	0.011687942
2459078.85437	15.1260195	0.011437151
2459079.86256	14.965239	0.011418436
2459079.86396	15.357438	0.011750849
2459079.8832	15.091649	0.011395569
2459080.82544	15.418188	0.011847006
2459080.82591	15.034437	0.011328951
2459080.83759	15.165937	0.011579836
2459080.86623	15.126843	0.011438162
2459081.8644	15.333184	0.011748044
2459081.88465	15.197992	0.011528217
2459081.89263	15.325549	0.011703878
2459081.89406	15.232978	0.011643276
2459082.76627	15.157678	0.011572369
2459082.97503	15.200927	0.011532049
2459085.82778	15.055441	0.011485966
2459085.82825	15.09787	0.011403006
2459086.82266	15.194676	0.0116064055
2459086.8368	14.990779	0.011280214
2459086.84604	15.169105	0.011491001
2459086.84697	14.966778	0.0114195235
2459087.79064	15.119301	0.01153865
2459089.92634	15.389923	0.01180003
2459089.93017	15.059258	0.011489
2459091.00171	15.237716	0.011580898
2459093.86334	15.175703	0.011588762
2459093.86476	15.196526	0.011526306
2459094.83552	15.051925	0.011348978
2459095.89488	15.103986	0.0114103565
2459095.89631	15.195514	0.011607192
2459096.79145	15.20603	0.011617159
2459096.80374	15.081279	0.011506779
2459096.80468	15.083344	0.011385701
2459097.806	15.17969	0.011504533
2459098.84779	15.186382	0.011513151
2459098.84826	15.166655	0.011580486
2459099.80901	15.224284	0.011634757
2459102.91177	15.1407995	0.011455404
2459106.84984	15.336297	0.011751499
2459106.8668	15.1791115	0.0115037905
2459109.74898	15.148001	0.011464381
2459109.75005	15.157274	0.011572004
2459112.69884	15.188997	0.011601082
2459112.85205	15.008076	0.011299313
2459113.79038	15.097774	0.011520421
2459113.82482	15.13596	0.011449401
2459115.798	15.114455	0.011423025
2459115.79847	15.198518	0.0116100265
2459115.87101	15.166119	0.011487206
2459115.87196	15.332623	0.01174742
2459118.74026	15.083984	0.011386458
2459118.79599	15.087832	0.011512164
2459122.71123	15.178059	0.01159093
2459122.72892	15.081739	0.0113838
2459123.78858	15.176	0.011589033
2459123.81207	15.3433485	0.011729937
2459124.77083	15.235384	0.011645649
2459124.7713	15.240143	0.011584175
2459125.79467	15.379842	0.011801164
2459125.79514	15.170008	0.011492151
2459125.81513	15.201909	0.011533334
2459126.82758	15.139972	0.011556614
2459129.71907	15.041702	0.011337237
2459131.74455	15.067694	0.0113672875
2459134.67905	15.153984	0.011569054
2459134.70502	15.138293	0.011452294
2459136.68416	15.130063	0.011547945
2459136.70468	15.05803	0.011356038
2459138.64436	15.090884	0.011514688
2459138.79467	15.152406	0.011469898
2459140.72291	15.070513	0.011498027
2459144.72598	14.943306	0.011403171
2459146.68561	15.290693	0.011653973
2459149.644	15.173336	0.011496397
2459149.64638	15.172479	0.011585803
2459151.6207	15.142048	0.011558443
2459151.72906	15.353065	0.011744331
2459153.617	15.247188	0.011657388
2459155.62263	14.995817	0.011285748
2459155.62406	15.020187	0.011458646
2459157.82794	15.2303	0.01157093
2459164.68271	15.19662	0.011608235
2459164.6832	15.181777	0.011507215
2459167.70417	15.11764	0.011426901
2459167.71906	15.400481	0.011825588
2459169.65607	15.205744	0.011616887
2459169.70318	15.181046	0.011506274
2459171.61979	15.086219	0.011510836
2459173.73065	15.083538	0.011385929
2459180.70051	15.097101	0.01151986
2459181.59731	15.217287	0.011627966
2459182.60239	15.20434	0.011536518
2459183.58267	15.184129	0.0115965465
2459184.61568	15.131442	0.011443822
2459185.65623	15.113873	0.011534007
2459187.65752	15.246427	0.011656627
2459188.75907	15.197157	0.011527128
2459193.79105	15.208645	0.011542171
2459194.63647	15.189809	0.011601838
2459195.61877	15.171367	0.011493883
2459199.61976	15.192332	0.011520854
2459199.63672	15.181907	0.011594485
2459202.75101	15.166927	0.011488233
2459204.66191	15.187964	0.011515195
2459204.66285	15.203416	0.011614668
2459205.64434	15.086881	0.011511381
2459210.61599	15.204508	0.0116157085
2459210.6174	15.199265	0.011529877
2459215.61873	15.157594	0.011476422
2459215.62063	15.178356	0.011502821
2459218.63752	15.15742	0.011572137
2459219.67817	15.221163	0.011558731
2459219.67911	15.297882	0.011664146
2459220.61404	15.145137	0.011561176
2459223.6171	15.150401	0.011467385
2459224.64601	15.229486	0.011639843
2459226.62248	15.202543	0.01161384
2459227.6544	15.146915	0.011463025
2459229.61744	15.172343	0.011495128
2459230.61323	15.25377	0.011664007
2459231.65445	15.170768	0.011493119
2459232.63627	15.2031	0.011614369
2459322.98629	15.244636	0.011654835
2459325.98301	15.138978	0.01155574
2459352.93006	15.206185	0.011617307
2459354.92395	15.116157	0.011535955
2459356.88468	15.201634	0.0115329735
2459357.96504	15.146862	0.011562704
2459359.92559	15.20245	0.01153404
2459361.92633	15.145041	0.011561091
2459364.95229	15.249441	0.011659649
2459367.90326	15.193145	0.011521909
2459367.90374	15.22365	0.011634139
2459369.94977	15.16932	0.011491275
2459370.94854	15.185928	0.011598218
2459373.90987	15.3280735	0.011707548
2459373.91178	15.191832	0.011603733
2459375.90912	15.1649685	0.011485747
2459376.94616	15.262086	0.011672445
2459377.92763	15.40762	0.011827405
2459379.90418	15.204785	0.011537102
2459382.95102	15.192986	0.011604816
2459385.88829	15.225032	0.011635488
2459386.90583	15.1901	0.011602112
2459387.9351	15.073353	0.011373918
2459390.89286	15.187995	0.011600145
2459393.94188	15.210784	0.011621705
2459393.9438	15.145923	0.011461785
2459394.92734	15.259104	0.011669409
2459394.94553	15.406324	0.0118253855
2459396.88599	15.173389	0.011586636
2459396.90786	15.026199	0.01131962
2459397.88317	15.211591	0.011622478
2459397.90585	15.071431	0.011371663
2459399.88985	15.04799	0.011344447
2459400.93114	15.246519	0.011656719
2459400.94173	15.18186	0.011507322
2459401.94408	15.351656	0.011742237
2459402.90117	15.20093	0.011612309
2459402.93234	15.217903	0.011554403
2459403.9313	15.087998	0.0113912225
2459404.9563	15.104756	0.011411284
2459404.95838	15.164303	0.01157835
2459405.92977	15.360517	0.011755451
2459408.92956	15.778224	0.0123878
2459410.92638	15.061534	0.011490815
2459411.94928	14.93004	0.011215284
2459412.9276	15.291736	0.011703207
2459415.90828	15.085807	0.011510495
2459418.88457	15.369342	0.01178896
2459422.90325	15.316622	0.011729867
2459422.90467	15.175318	0.011498929
2459424.8609	15.26588	0.01167632
2459424.86137	15.186787	0.011513674
2459428.87315	15.234315	0.011576319
2459428.8746	15.110064	0.011530767
2459430.86755	15.228853	0.0116392225
2459430.86804	14.9903555	0.011279751
2459435.8681199998	15.134634	0.011447762
2459435.86911	15.019498	0.011458121
2459440.81168	15.073437	0.011500391
2459443.808	15.119641	0.011538942
2459446.89004	15.257339	0.011667617
2459448.81276	15.10383	0.011410169
2459449.82591	15.160735	0.011575124
2459450.84358	15.127878	0.011439433
2459453.78881	15.120316	0.01153952
2459453.80866	14.98366	0.011272434
2459455.76746	15.102948	0.011524758
2459455.79014	15.076406	0.011377508
2459459.74926	15.172202	0.0115855485
2459459.87284	15.265331	0.01161858
2459461.78628	15.1494665	0.01156502
2459461.807	15.412395	0.01183486
2459463.78382	15.121969	0.011540942
2459463.80256	15.046801	0.01134308
2459465.84977	15.200752	0.0116121415
2459465.85166	15.258498	0.011609173
2459467.74434	15.109398	0.011530203
2459467.86677	15.409117	0.011829738
2459469.86703	15.088893	0.011392285
2459469.87002	15.104043	0.011525679
2459471.73955	15.09775	0.011402863
2459471.74291	15.082851	0.011508068
2459473.93193	15.340784	0.011756503
2459473.94877	15.16366	0.011484087
2459476.83336	15.197294	0.011608873
2459478.74691	15.192754	0.011521402
2459478.7479	15.126875	0.01154518
2459480.73202	15.155169	0.0115701165
2459480.77047	15.169499	0.011491504
2459485.7252	15.278443	0.011689282
2459485.74412	15.123502	0.011434064
2459487.8315	15.143154	0.011458334
2459487.83982	15.17355	0.011586783
2459489.79422	15.146169	0.011562089
2459491.70075	15.275508	0.011686237
2459491.72255	15.418904	0.011845076
2459502.6973	15.191329	0.011603263
2459502.84769	15.206579	0.011539455
2459504.79361	15.232077	0.011642388
2459504.79502	15.415317	0.011839437
2459517.6441	14.962723	0.0114166625
2459520.70344	15.201169	0.011612536
2459520.72444	15.164512	0.011485169
2459522.70301	15.160171	0.011574614
2459522.70348	15.315184	0.011688881
2459524.68121	15.016447	0.011455817
2459524.72123	14.926912	0.011212027
2459526.63615	15.243574	0.011653777
2459526.66122	15.107908	0.01141509
2459529.68531	15.321066	0.01173471
2459529.70376	15.369162	0.01176844
2459531.64157	15.176678	0.011589657
2459531.66069	15.191644	0.011519961
2459537.80846	15.218674	0.011555424
2459538.74395	15.779207	0.012389586
2459540.68979	15.21354	0.011548627
2459542.6709	15.0852165	0.01151001
2459550.61926	15.200144	0.011531025
2459687.98128	15.164839	0.011578837
2459707.92277	15.176873	0.01150092
2459707.92519	15.164322	0.011578368
2459707.94945	15.137361	0.011451137
2459707.96382	15.116172	0.01153597
2459710.88558	15.175512	0.011588586
2459713.88947	15.166992	0.011580794
2459718.89934	15.134816	0.01155209
2459718.94753	15.1322565	0.011549856
2459731.94649	15.231231	0.011641557
2459733.92964	15.1546135	0.011569617
2459735.9137	15.214303	0.011625087
2459737.95056	15.167069	0.011488414
2459738.93384	15.37272	0.011792869
2459739.95456	15.039738	0.011334991
2459741.89086	15.220649	0.011631222
2459742.90964	15.227425	0.011567079
2459743.94188	15.259808	0.011670125
2459748.93163	15.224962	0.011635417
2459749.86267	15.202863	0.011534583
2459750.88836	15.331534	0.011746216
2459751.92432	15.200646	0.011531684
2459752.8875	15.179676	0.011592421
2459755.8714	15.439087	0.011877111
2459755.94989	15.154404	0.011569428
2459759.90656	14.9871645	0.011276259
2459759.90704	15.132466	0.011550038
2459764.88317	15.170248	0.011583762
2459764.88412	15.083533	0.011385924
2459766.87227	15.1391115	0.011555857
2459766.88664	15.028081	0.011321746
2459773.91228	15.740292	0.012320338
2459773.92435	15.724381	0.01239493
2459773.94354	15.361383	0.011779807
2459773.94403	15.037059	0.011331935
2459775.88955	14.95664	0.0114124
2459778.90069	15.129536	0.011547488
2459778.93819	15.101248	0.0114070615
2459778.94828	14.976769	0.011264946
2459782.90878	15.2065325	0.011539395
2459782.91021	15.351899	0.011769008
2459784.92424	15.369916	0.011769578
2459784.92471	15.137139	0.011554126
2459788.91225	15.109487	0.011416999
2459788.91319	15.140144	0.011556767
2459790.88808	15.411766	0.011839189
2459794.84878	15.272003	0.011682614
2459794.94761	15.0835495	0.011385943
2459797.86898	15.043568	0.0114766285
2459798.86566	15.199859	0.011530654
2459800.9302	15.145463	0.011561464
2459801.94966	15.208848	0.011542439
2459802.96714	15.059092	0.011488867
2459803.89082	14.940643	0.011226383
2459806.84762	15.033198	0.0114685865
2459808.84707	15.272122	0.011627982
2459808.84804	15.204548	0.011615746
2459810.79003	15.207262	0.011618333
2459812.82315	15.262187	0.011672547
2459812.82667	15.016383	0.0113085825
2459814.8882	15.048102	0.011344574
2459814.88962	15.113437	0.011533637
2459818.8053	15.136347	0.011553431
2459818.90813	15.393184	0.011805044
2459822.8049	15.197975	0.011609513
2459822.80588	15.191342	0.01151957
2459824.79013	15.368245	0.011787693
2459824.82372	15.133011	0.011445757
2459826.78458	15.193137	0.011604957
2459826.78808	15.258713	0.011609469
2459829.95098	15.366225	0.011764017
2459842.86801	15.139723	0.011454066
2459843.78061	15.141139	0.011557642
2459844.80371	15.255953	0.011605685
2459845.76158	15.0625	0.011491586
2459847.74274	15.128344	0.0115464525
2459847.74514	15.16265	0.011482809
2459849.68601	15.134586	0.01155189
2459849.80636	15.215276	0.011550923
2459851.68034	15.122628	0.01154151
2459851.80676	15.332313	0.011713732
2459853.77246	15.144705	0.011560792
2459854.78888	15.4076395	0.011827434
2459855.84354	15.091233	0.011514978
2459856.73216	15.125286	0.011436251
2459857.88722	15.307118	0.011719595
2459859.74782	15.190027	0.011602044
2459860.68111	15.422091	0.011850095
2459861.76923	15.393986	0.011817838
2459865.6398	15.25672	0.01166699
2459866.68939	15.274571	0.011631386
2459867.68931	15.2285595	0.011638936
2459869.68482	15.342635	0.011728884
2459870.72776	15.2021675	0.011613484
2459871.68123	15.147663	0.011463958
2459872.70442	15.295513	0.011707204
2459873.68256	15.14578	0.011461606
2459874.66542	15.174735	0.011587871
2459877.8453	15.409719	0.011830678
2459877.84625	15.2358055	0.011646064
2459879.79218	15.181536	0.011506904
2459879.79266	15.168954	0.01158258
2459881.74853	15.225519	0.011564534
2459881.77157	15.103261	0.011525021
2459883.63679	15.303452	0.011715661
2459883.8041	15.203018	0.011534785
2459888.79066	15.356694	0.011749738
2459894.64127	15.244475	0.01159004
2459896.64579	15.244905	0.011590625
2459898.76168	15.422867	0.011851323
2459898.76356	15.15968	0.011574172
2459900.74413	15.121266	0.011431328
2459902.66292	15.1975	0.011609064
2459902.66488	15.171774	0.011494403
2459904.61614	15.200214	0.011611632
2459904.7160900002	15.21667	0.011552768
2459906.63967	15.131062	0.011548815
2459906.65812	15.149898	0.011466753
2459908.6594	15.164178	0.011484745
2459910.62461	15.331777	0.011746486
2459913.65882	15.164769	0.011578775
2459913.66411	15.119556	0.011429239
2459922.67964	15.205037	0.011537432
2459922.69924	15.474904	0.011918578
2459924.6841	15.199828	0.011530613
2459930.78308	15.196804	0.0115266675
2459933.63871	15.254018	0.011664258
2459933.66057	15.156351	0.011474857
2459937.66495	15.256018	0.011666279
2459937.70367	15.0782175	0.0113796415
2459951.68087	15.265333	0.011675761
2459958.64372	15.199657	0.01153039
2459958.65806	15.183715	0.011596162
2459969.63697	15.178374	0.011502844
2459972.65785	15.23001	0.01157054
