+0.5652524 15.50260 2445644.31200
+0.5912050 15.51720 2445646.26700
+0.6793126 15.59010 2445647.31700
+0.7135103 15.58010 2445647.35000
+0.0973012 15.45210 2445663.16000
+0.1314988 15.47970 2445663.19300
+0.2724800 15.63810 2445665.25900
+0.3212084 15.55340 2445666.27100
+0.5079224 15.55280 2445674.17100
+0.2638558 15.54850 2445695.16500
+0.3780986 15.68760 2445882.48100
+0.6051827 15.58540 2445888.49000
+0.2595367 15.49810 2445908.42100
+0.5000700 15.69770 2445913.47800
+0.5353266 15.62070 2445914.47700
+0.5508937 15.51590 2445915.45700
+0.7395669 15.60700 2445918.53400
+0.2778108 15.65880 2445936.42300
+0.4374679 15.45500 2445939.47200
+0.6386447 15.46500 2445945.45600
+0.6738786 15.61870 2445945.49000
+0.6417762 15.72930 2445946.42400
+0.7495733 15.64240 2445947.49300
+0.7837936 15.59010 2445948.49100
+0.8211228 15.66290 2445949.49200
+0.4048957 15.68770 2445964.53000
+0.2898898 15.58450 2445965.38400
+0.3127789 15.71560 2445969.26600
+0.3863556 15.75770 2445969.33700
+0.4205533 15.67420 2445969.37000
+0.4547510 15.60610 2445969.40300
+0.4889486 15.74080 2445969.43600
+0.5221100 15.72100 2445969.46800
+0.5573440 15.57030 2445969.50200
+0.5905054 15.60590 2445969.53400
+0.6247030 15.61220 2445969.56700
+0.6309887 15.67420 2445972.46800
+0.6776673 15.61960 2445974.44300
+0.5950418 15.60240 2446030.33200
+0.5506990 15.58730 2445642.36800
+0.3052270 15.64710 2446265.50700
+0.3422450 15.59440 2446297.38700
+0.5226506 15.46380 2446301.42100
+0.3791723 15.63710 2446325.40700
+0.4165015 15.72280 2446326.40800
+0.5243440 15.55000 2446329.40700
+0.3849882 15.41540 2446352.43200
+0.6577145 15.59920 2446360.41500
+0.2716531 15.50740 2446380.30700
+0.3991625 15.62810 2446382.36000
+0.1924704 15.59960 2446406.28500
+0.2412214 15.59920 2446408.26200
+0.3303879 15.47600 2446410.27800
+0.4278675 15.49530 2446413.26700
+0.0892789 15.52150 2446645.50000
+0.3028913 15.51450 2446651.49600
+0.4273143 15.56500 2446654.51100
+0.4584485 15.56840 2446656.47100
+0.9945744 15.49970 2446672.42800
+0.3315963 15.66230 2446682.40300
+0.4995663 15.71450 2446686.42500
+0.2212794 15.51960 2446706.42100
+0.3311944 15.51580 2446709.42200
+0.4203836 15.57140 2446712.40300
+0.5095501 15.40480 2446714.41900
+0.9834985 15.53150 2446730.31600
+0.0546914 15.51370 2446761.26400
+0.0350472 15.43860 2446763.17500
+0.1511347 15.54000 2446764.25200
+0.2621086 15.43260 2446768.21900
+0.2890749 15.45350 2446769.21000
+0.1999898 15.27270 2447035.45800
+0.5182676 15.37170 2447041.55500
+0.9663087 15.30040 2447057.42700
+0.0171324 15.26960 2447059.40600
+0.2192775 15.38260 2447062.49600
+0.1302016 15.36610 2447064.34000
+0.3157434 15.43610 2447066.44900
+0.0914569 15.34550 2447091.32200
+0.9844210 15.33320 2447387.46700
+0.0176276 15.29500 2447389.42900
+0.2135776 15.28000 2447393.47800
+0.2239859 15.41520 2447395.41800
+0.2229722 15.35510 2447396.38200
+0.2717007 15.30990 2447397.39400
+0.7611254 15.32120 2447410.41100
+0.0981019 15.33410 2447418.45600
+0.0255841 15.31590 2447419.35100
+0.1478893 15.33620 2447420.43400
+0.1178821 15.26390 2447422.33500
+0.3241497 15.28000 2447424.46400
+0.5948941 15.42460 2447436.30500
+0.8458129 15.31580 2447442.33700
+0.0532301 15.27490 2447449.29200
+0.1113079 15.43540 2447451.27800
+0.6381298 15.40970 2447468.19100
+0.0000000 15.24480 2447477.22500
+0.6699798 15.28690 2447765.43500
+0.8171560 15.30570 2447766.54200
+0.0142103 15.36210 2447773.48700
+0.6167270 15.42430 2447792.40300
+0.8469200 15.33350 2447798.41500
+0.0117812 15.31490 2447802.43400
+0.6692214 15.49790 2447821.40300
+0.7822906 15.46030 2447826.33700
+0.8900651 15.34030 2447826.44100
+0.9970071 15.54720 2447835.22900
+0.5922018 15.32780 2447851.24300
+0.3014562 15.52650 2448532.23700
+0.7080136 15.44110 2448811.50800
+0.0356924 15.40670 2450365.43900
+0.1404940 15.49370 2450371.33000
-0.4347476 15.50260 2445644.31200
-0.4087950 15.51720 2445646.26700
-0.3206874 15.59010 2445647.31700
-0.2864897 15.58010 2445647.35000
-0.4920776 15.55280 2445674.17100
-0.3948173 15.58540 2445888.49000
-0.4999300 15.69770 2445913.47800
-0.4646734 15.62070 2445914.47700
-0.4491063 15.51590 2445915.45700
-0.2604331 15.60700 2445918.53400
-0.3613553 15.46500 2445945.45600
-0.3261214 15.61870 2445945.49000
-0.3582238 15.72930 2445946.42400
-0.2504267 15.64240 2445947.49300
-0.2162064 15.59010 2445948.49100
-0.1788772 15.66290 2445949.49200
-0.4778900 15.72100 2445969.46800
-0.4426560 15.57030 2445969.50200
-0.4094946 15.60590 2445969.53400
-0.3752970 15.61220 2445969.56700
-0.3690113 15.67420 2445972.46800
-0.3223327 15.61960 2445974.44300
-0.4049582 15.60240 2446030.33200
-0.4493010 15.58730 2445642.36800
-0.4773494 15.46380 2446301.42100
-0.4756560 15.55000 2446329.40700
-0.3422855 15.59920 2446360.41500
-0.0054256 15.49970 2446672.42800
-0.4904499 15.40480 2446714.41900
-0.0165015 15.53150 2446730.31600
-0.4817324 15.37170 2447041.55500
-0.0336913 15.30040 2447057.42700
-0.0155790 15.33320 2447387.46700
-0.2388746 15.32120 2447410.41100
-0.4051059 15.42460 2447436.30500
-0.1541871 15.31580 2447442.33700
-0.3618702 15.40970 2447468.19100
-0.3300202 15.28690 2447765.43500
-0.1828440 15.30570 2447766.54200
-0.3832730 15.42430 2447792.40300
-0.1530800 15.33350 2447798.41500
-0.3307786 15.49790 2447821.40300
-0.2177094 15.46030 2447826.33700
-0.1099349 15.34030 2447826.44100
-0.0029929 15.54720 2447835.22900
-0.4077982 15.32780 2447851.24300
-0.2919864 15.44110 2448811.50800
