+0.6160036 12.78640 2447765.43500
+0.2453641 12.94340 2445644.31200
+0.4199771 12.18580 2445646.26700
+0.1250122 12.87500 2445647.31700
+0.1785991 12.88490 2445647.35000
+0.8515561 12.26900 2445663.16000
+0.9051430 12.35340 2445663.19300
+0.2600025 12.32440 2445665.25900
+0.9033316 12.19330 2445666.27100
+0.7316909 12.20360 2445674.17100
+0.8226499 12.27030 2445695.16500
+0.9944168 12.48250 2445882.48100
+0.7520891 12.80410 2445888.49000
+0.3286769 12.79280 2445913.47800
+0.9508960 12.71650 2445914.47700
+0.5422621 12.78240 2445915.45700
+0.5388268 12.79130 2445918.53400
+0.5877534 12.80500 2445936.42300
+0.5388507 12.78540 2445939.47200
+0.2559268 12.74300 2445945.45600
+0.3111375 12.79180 2445945.49000
+0.8278068 12.76610 2445946.42400
+0.5636950 12.81140 2445947.49300
+0.1842902 12.60510 2445948.49100
+0.8097570 12.60350 2445949.49200
+0.2291074 12.76410 2445964.53000
+0.6158693 12.83460 2445965.38400
+0.9196276 12.84470 2445969.26600
+0.0349205 12.30850 2445969.33700
+0.0885073 12.40520 2445969.37000
+0.1420941 12.85940 2445969.40300
+0.1956809 12.72520 2445969.43600
+0.2476439 12.80020 2445969.46800
+0.3028545 12.82400 2445969.50200
+0.3548175 12.79480 2445969.53400
+0.4084044 12.78000 2445969.56700
+0.1191728 12.78490 2445972.46800
+0.3262626 12.70210 2445974.44300
+0.9684883 12.71450 2446265.50700
+0.7366017 12.72010 2446297.38700
+0.2871842 12.85280 2446301.42100
+0.1846946 12.85750 2446304.43700
+0.2366813 12.64230 2446325.40700
+0.8621481 12.34150 2446326.40800
+0.1210372 12.77300 2446352.43200
+0.0841755 12.79080 2446360.41500
+0.7194091 12.51020 2446382.36000
+0.5698518 12.38320 2446406.28500
+0.7801893 12.38130 2446408.26200
+0.0538567 12.47370 2446410.27800
+0.9075233 12.34030 2446413.26700
+0.0174442 12.37270 2446645.50000
+0.7540066 12.33140 2446651.49600
+0.6498930 12.35090 2446654.51100
+0.8326253 12.81960 2446656.47100
+0.7442873 12.30010 2446672.42800
+0.9421207 12.42870 2446682.40300
+0.4732171 12.38690 2446686.42500
+0.9435809 12.36650 2446706.42100
+0.8167335 12.74150 2446709.42200
+0.6574094 12.79430 2446712.40300
+0.9310768 12.44600 2446714.41900
+0.7453083 12.26170 2446730.31600
+0.0000000 12.12930 2446761.26400
+0.1031639 12.56220 2446763.17500
+0.8520427 12.14200 2446764.25200
+0.2938277 12.62140 2446768.21900
+0.2479951 12.89470 2447035.45800
+0.1485656 12.76310 2447041.55500
+0.9222010 12.78980 2447057.42700
+0.1357862 12.78740 2447059.40600
+0.1534609 12.66560 2447062.49600
+0.1478273 12.90720 2447064.34000
+0.5725121 12.81040 2447066.44900
+0.9623579 12.69490 2447091.32200
+0.0413096 12.75710 2447389.42900
+0.6162497 12.60130 2447393.47800
+0.7665051 12.39970 2447395.41800
+0.3318897 12.85040 2447396.38200
+0.9752187 12.74550 2447397.39400
+0.1127825 12.77750 2447410.41100
+0.1765990 12.60240 2447418.45600
+0.6299385 12.78390 2447419.35100
+0.3885604 12.83600 2447420.43400
+0.4754859 12.79570 2447422.33500
+0.9326475 12.75760 2447424.46400
+0.1605719 12.78490 2447436.30500
+0.9555926 12.77850 2447442.33700
+0.2494204 12.67880 2447449.29200
+0.4743725 12.88530 2447451.27800
+0.9384284 12.76110 2447468.19100
+0.6082256 12.75300 2447477.22500
+0.0886135 12.19400 2445642.36800
+0.4135978 12.80260 2447766.54200
+0.6911871 12.74200 2447773.48700
+0.4078004 12.80260 2447792.40300
+0.1703442 12.86560 2447798.41500
+0.4992461 12.77100 2447821.40300
+0.5112872 12.68400 2447826.33700
+0.6801669 13.02850 2447826.44100
+0.9504988 12.23050 2447835.22900
+0.9547198 12.77500 2447851.24300
+0.7820289 12.82350 2448532.23700
+0.2742747 12.77250 2448811.50800
+0.1802399 12.78440 2450371.33000
-0.3839964 12.78640 2447765.43500
-0.1484439 12.26900 2445663.16000
-0.0948570 12.35340 2445663.19300
-0.0966684 12.19330 2445666.27100
-0.2683091 12.20360 2445674.17100
-0.1773501 12.27030 2445695.16500
-0.0055832 12.48250 2445882.48100
-0.2479109 12.80410 2445888.49000
-0.0491040 12.71650 2445914.47700
-0.4577379 12.78240 2445915.45700
-0.4611732 12.79130 2445918.53400
-0.4122466 12.80500 2445936.42300
-0.4611493 12.78540 2445939.47200
-0.1721932 12.76610 2445946.42400
-0.4363050 12.81140 2445947.49300
-0.1902430 12.60350 2445949.49200
-0.3841307 12.83460 2445965.38400
-0.0803724 12.84470 2445969.26600
-0.0315117 12.71450 2446265.50700
-0.2633983 12.72010 2446297.38700
-0.1378519 12.34150 2446326.40800
-0.2805909 12.51020 2446382.36000
-0.4301482 12.38320 2446406.28500
-0.2198107 12.38130 2446408.26200
-0.0924767 12.34030 2446413.26700
-0.2459934 12.33140 2446651.49600
-0.3501070 12.35090 2446654.51100
-0.1673747 12.81960 2446656.47100
-0.2557127 12.30010 2446672.42800
-0.0578793 12.42870 2446682.40300
-0.0564191 12.36650 2446706.42100
-0.1832665 12.74150 2446709.42200
-0.3425906 12.79430 2446712.40300
-0.0689232 12.44600 2446714.41900
-0.2546917 12.26170 2446730.31600
-0.1479573 12.14200 2446764.25200
-0.0777990 12.78980 2447057.42700
-0.4274879 12.81040 2447066.44900
-0.0376421 12.69490 2447091.32200
-0.3837503 12.60130 2447393.47800
-0.2334949 12.39970 2447395.41800
-0.0247813 12.74550 2447397.39400
-0.3700615 12.78390 2447419.35100
-0.0673525 12.75760 2447424.46400
-0.0444074 12.77850 2447442.33700
-0.0615716 12.76110 2447468.19100
-0.3917744 12.75300 2447477.22500
-0.3088129 12.74200 2447773.48700
-0.4887128 12.68400 2447826.33700
-0.3198331 13.02850 2447826.44100
-0.0495012 12.23050 2447835.22900
-0.0452802 12.77500 2447851.24300
-0.2179711 12.82350 2448532.23700
