+0.5191685 12.78640 2447765.43500
+0.3805574 12.94340 2445644.31200
+0.8122528 12.18580 2445646.26700
+0.8778692 12.87500 2445647.31700
+0.0370743 12.88490 2445647.35000
+0.3107847 12.26900 2445663.16000
+0.4699898 12.35340 2445663.19300
+0.4371932 12.32440 2445665.25900
+0.3194826 12.19330 2445666.27100
+0.4322158 12.20360 2445674.17100
+0.7155982 12.27030 2445695.16500
+0.4022737 12.48250 2445882.48100
+0.3920729 12.80410 2445888.49000
+0.9440954 12.79280 2445913.47800
+0.7636676 12.71650 2445914.47700
+0.4915763 12.78240 2445915.45700
+0.3362446 12.79130 2445918.53400
+0.6398756 12.80500 2445936.42300
+0.3494608 12.78540 2445939.47200
+0.2186502 12.74300 2445945.45600
+0.3826796 12.79180 2445945.49000
+0.8886661 12.76610 2445946.42400
+0.0459461 12.81140 2445947.49300
+0.8606939 12.60510 2445948.49100
+0.6899149 12.60350 2445949.49200
+0.2391911 12.76410 2445964.53000
+0.3592258 12.83460 2445965.38400
+0.0875335 12.84470 2445969.26600
+0.4300656 12.30850 2445969.33700
+0.5892707 12.40520 2445969.37000
+0.7484758 12.85940 2445969.40300
+0.9076809 12.72520 2445969.43600
+0.0620616 12.80020 2445969.46800
+0.2260911 12.82400 2445969.50200
+0.3804718 12.79480 2445969.53400
+0.5396768 12.78000 2445969.56700
+0.5352514 12.78490 2445972.46800
+0.0634347 12.70210 2445974.44300
+0.2716097 12.71450 2446265.50700
+0.0733736 12.72010 2446297.38700
+0.5349895 12.85280 2446301.42100
+0.0853697 12.85750 2446304.43700
+0.2529666 12.64230 2446325.40700
+0.0821877 12.34150 2446326.40800
+0.6322850 12.77300 2446352.43200
+0.1454432 12.79080 2446360.41500
+0.0168268 12.51020 2446382.36000
+0.4405157 12.38320 2446406.28500
+0.9783478 12.38130 2446408.26200
+0.7043313 12.47370 2446410.27800
+0.1244528 12.34030 2446413.26700
+0.5085508 12.37270 2446645.50000
+0.4356329 12.33140 2446651.49600
+0.9811887 12.35090 2446654.51100
+0.4370060 12.81960 2446656.47100
+0.4199027 12.30010 2446672.42800
+0.5432589 12.42870 2446682.40300
+0.9469821 12.38690 2446686.42500
+0.4156167 12.36650 2446706.42100
+0.8936309 12.74150 2446709.42200
+0.2751572 12.79430 2446712.40300
+0.0011408 12.44600 2446714.41900
+0.6945737 12.26170 2446730.31600
+0.0000000 12.12930 2446761.26400
+0.2194219 12.56220 2446763.17500
+0.4152971 12.14200 2446764.25200
+0.5536785 12.62140 2446768.21900
+0.8206041 12.89470 2447035.45800
+0.2349503 12.76310 2447041.55500
+0.8077733 12.78980 2447057.42700
+0.3552542 12.78740 2447059.40600
+0.2626397 12.66560 2447062.49600
+0.1588271 12.90720 2447064.34000
+0.3334795 12.81040 2447066.44900
+0.3306964 12.69490 2447091.32200
+0.5170967 12.75710 2447389.42900
+0.0510786 12.60130 2447393.47800
+0.4104080 12.39970 2447395.41800
+0.0611263 12.85040 2447396.38200
+0.9434157 12.74550 2447397.39400
+0.7425864 12.77750 2447410.41100
+0.5548571 12.60240 2447418.45600
+0.8726920 12.78390 2447419.35100
+0.0975136 12.83600 2447420.43400
+0.2686915 12.79570 2447422.33500
+0.5398319 12.75760 2447424.46400
+0.6655122 12.78490 2447436.30500
+0.7662725 12.77850 2447442.33700
+0.3199510 12.67880 2447449.29200
+0.9012026 12.88530 2447451.27800
+0.4962225 12.76110 2447468.19100
+0.0798215 12.75300 2447477.22500
+0.0019304 12.19400 2445642.36800
+0.8597755 12.80260 2447766.54200
+0.3652100 12.74200 2447773.48700
+0.6234963 12.80260 2447792.40300
+0.6277688 12.86560 2447798.41500
+0.5309980 12.77100 2447821.40300
+0.3345709 12.68400 2447826.33700
+0.8363081 13.02850 2447826.44100
+0.2331055 12.23050 2447835.22900
+0.4909928 12.77500 2447851.24300
+0.8761381 12.82350 2448532.23700
+0.1902038 12.77250 2448811.50800
+0.3901732 12.78440 2450371.33000
-0.4808315 12.78640 2447765.43500
-0.1877472 12.18580 2445646.26700
-0.1221308 12.87500 2445647.31700
-0.2844018 12.27030 2445695.16500
-0.0559046 12.79280 2445913.47800
-0.2363324 12.71650 2445914.47700
-0.3601244 12.80500 2445936.42300
-0.1113339 12.76610 2445946.42400
-0.1393061 12.60510 2445948.49100
-0.3100851 12.60350 2445949.49200
-0.4107293 12.40520 2445969.37000
-0.2515242 12.85940 2445969.40300
-0.0923191 12.72520 2445969.43600
-0.4603232 12.78000 2445969.56700
-0.4647486 12.78490 2445972.46800
-0.4650105 12.85280 2446301.42100
-0.3677150 12.77300 2446352.43200
-0.0216522 12.38130 2446408.26200
-0.2956687 12.47370 2446410.27800
-0.4914492 12.37270 2446645.50000
-0.0188113 12.35090 2446654.51100
-0.4567411 12.42870 2446682.40300
-0.0530179 12.38690 2446686.42500
-0.1063691 12.74150 2446709.42200
-0.3054263 12.26170 2446730.31600
-0.4463215 12.62140 2446768.21900
-0.1793959 12.89470 2447035.45800
-0.1922267 12.78980 2447057.42700
-0.4829033 12.75710 2447389.42900
-0.0565843 12.74550 2447397.39400
-0.2574136 12.77750 2447410.41100
-0.4451429 12.60240 2447418.45600
-0.1273080 12.78390 2447419.35100
-0.4601681 12.75760 2447424.46400
-0.3344878 12.78490 2447436.30500
-0.2337275 12.77850 2447442.33700
-0.0987974 12.88530 2447451.27800
-0.1402245 12.80260 2447766.54200
-0.3765037 12.80260 2447792.40300
-0.3722312 12.86560 2447798.41500
-0.4690020 12.77100 2447821.40300
-0.1636919 13.02850 2447826.44100
-0.1238619 12.82350 2448532.23700
